69.888
69.8717887438
69.7893471561
69.6068011639
69.324143494
68.9416408966
68.4598521751
67.8796503502
67.2022476749
66.4292233574
65.5625557088
64.6046552325
63.5584015793
62.4271775871
61.2149003309
59.9260612835
58.5657561066
57.1397021296
55.6542880845
54.1165604789
52.5341965589
50.9155341963
49.2695318509
47.6057632017
45.9343227374
44.2657314643
42.6109044037
40.9810826674
39.3876594917
37.8419247002
36.3550035094
34.937775257
33.6006804367
32.3534649704
31.2050502864
30.1634041172
29.235362983
28.4264760337
27.7410359045
27.1819230768
26.7504902936
26.4467683045
26.2693475203
26.215534155
26.2812626019
26.460998107
26.7481544519
27.1355521842
27.6149575204
28.1772765416
28.8132886549
29.5134079319
30.2678149754
31.0666345678
31.9005127681
32.7600669724
33.6359263906
34.5196699234
35.4035048618
36.2798559235
37.1420151185
37.9840604447
38.8005694865
39.5871790169
40.3402552125
41.0569645289
41.7348521269
42.3726257143
42.969751316
43.5257499588
44.0408685002
44.5160316012
44.9529714861
45.3538200693
45.7215688513
46.0592675782
46.3698689223
46.657322671
46.9259437985
47.1795833807
47.4224836934
47.6591842217
47.893748556
48.1305530353
48.3740945564
48.6288942196
48.8992321205
49.1891055109
49.5024127442
49.8430298629
50.2147593729
50.6206248139
51.0633598568
51.5458226686
52.0701812842
52.637963252
53.250787996
53.9100239622
54.6162142938
55.3693665707
56.1692836493
57.0159345802
57.908592392
58.8457474306
59.8259750406
60.8474917394
61.9081325963
63.0053371704
64.1362032224
65.2980966558
66.4881041689
67.7025976305
68.9382125741
70.1916361503
71.4597595741
72.7389825051
74.0254745784
75.3154731134
76.6052654624
77.8910314874
79.1685091819
80.4344362109
81.6856726162
82.9188120063
84.1303221914
85.3171083438
86.4767374509
87.606933987
88.7050322832
89.7679260175
90.7931271212
91.7782581572
92.7207330283
93.6184166639
94.4691706498
95.2709768076
96.021685126
96.7189322738
97.3608974828
97.9460578094
98.4728178226
98.939326342
99.3441609884
99.6862806515
99.9646056763
100.177928556
100.325209697
100.406588167
100.421652528
100.370334767
100.25333812
100.071314443
99.8257830687
99.5187671748
99.1533008752
98.7335189779
98.2630650391
97.745692989
97.186695345
96.5916676308
95.9669072298
95.3188819678
94.6543170757
93.9807770184
93.3060823492
92.6382220005
91.9850263931
91.3543678732
90.7547070849
90.1935734009
89.6771277284
89.2110259545
88.7998964365
88.4472224053
88.1548692557
87.9229356391
87.7500485574
87.6333836471
87.5685136132
87.5498382609
87.5712626264
87.6258886894
87.7061190406
87.8048116234
87.9151203189
88.0305465963
88.145599827
88.2557207098
88.3573733054
88.4478570301
88.5254821339
88.5892288525
88.6383398682
88.6728372608
88.6930982707
88.6999936451
88.6942826951
88.6760506789
88.6456087632
88.603356315
88.5493448923
88.4837546955
88.4063960389
88.3167911516
88.2149163047
88.1008860535
87.9743493588
87.8349087477
87.6826997149
87.5184190814
87.3425808739
87.1551233318
86.9570228533
86.7489531774
86.531261511
86.3051463661
86.071359329
85.8303364161
85.5827960374
85.3293496805
85.070736884
84.8071258004
84.5383709905
84.264716527
83.9860694446
83.701827033
83.4113741133
83.114491006
82.8110829957
82.5010099009
82.1840479197
81.8606526655
81.5321200835
81.1994369656
80.8638649221
80.5281810294
80.1957580112
79.8699308804
79.5549920118
79.2558989923
78.9776750408
78.7255679969
78.5046994506
78.3201396362
78.1766576721
78.0781412039
78.0274566925
78.0263541468
78.0754775589
78.1739560904
78.319219249
78.5077574575
78.7347469909
78.9939572237
79.278270356
79.5797974785
79.8911468702
80.2047684188
80.5132412282
80.8102609797
81.0905734703
81.3504133502
81.5870875087
81.7991268068
81.9867089683
82.1514794972
82.2962143759
82.4247158035
82.5418975618
82.6525862539
82.761804215
82.8744141511
82.9944660983
83.1252604306
83.2687528658
83.4252473456
83.5936501169
83.7720022531
83.9573257501
84.1458568896
84.3328570485
84.5132003583
84.6822704069
84.8349594611
84.9658866819
85.0705564078
85.1451464871
85.1867712457
85.1926972638
85.1598881361
85.0859812877
84.9699266816
84.8111532315
84.609697213
84.367503235
84.0866998148
83.7695743385
83.4199151533
83.0426415093
82.644069405
82.2315779903
81.8132791231
81.3984490222
80.9972867667
80.620170937
80.2776826284
79.9807444887
79.7395776958
79.5632411147
79.4598312608
79.4355464336
79.4943612682
79.6386783023
79.8677984328
80.1777426217
80.5627812528
81.0148473544
81.5238174969
82.0780548411
82.6649841509
83.271644473
83.8849659471
84.4924459931
85.082449299
85.6446311824
86.170196434
86.6516338059
87.0829719736
87.4608758068
87.783212767
88.0478166485
88.2542099798
88.4034105298
88.4972840331
88.5385919302
88.5307112859
88.4771011584
88.381671526
88.2481231644
88.0795897479
87.8797611589
87.6521052487
87.3995815308
87.1254672656
86.8325545384
86.5233276525
86.1999019428
85.8639618785
85.5176291873
85.1633428877
84.8027629834
84.4369466483
84.0677856823
83.6968726386
83.3254504166
82.9550507637
82.5871407214
82.2231172775
81.8644604351
81.5124746234
81.1684145149
80.8339181773
80.5103086008
80.1989204318
79.9009321432
79.6173093162
79.3491078207
79.0972977753
78.8630428773
78.6475467717
78.452405191
78.2795860255
78.1310971541
78.0091479792
77.9167929828
77.8571364797
77.8332961232
77.8490926336
77.9087018649
78.0165660998
78.1771739617
78.395046677
78.6740909755
79.017612891
79.4290314406
79.9100439198
80.4607363264
81.0805743816
81.7677120835
82.5191001479
83.3298065566
84.1937176745
85.1040145689
86.0527737009
87.0314831332
88.0308769897
89.0412667903
90.0529044362
91.0558645319
92.0407964617
92.9979941414
93.9173402609
94.7893734468
95.6056713566
96.3577318469
97.0371076359
97.6363669959
98.1489739561
98.5696058881
98.8940861649
99.1195263703
99.2441698556
99.2676767321
99.1920062838
99.0205590636
98.7575778713
98.4089261097
97.9818695082
97.4849887685
96.9280564444
96.3210365156
95.6739676712
94.9967644785
94.2989391999
93.5894433603
92.8764117706
92.1668568802
91.4666712056
90.780857886
90.1133688075
89.4672109564
88.8446399107
88.2472014753
87.6755631952
87.1300290377
86.6106484824
86.1165846408
85.6461983261
85.1976483042
84.768688046
84.3564723475
83.9577303028
83.5687493323
83.1855358941
82.8039374227
82.4199506083
82.0294751187
81.6286793958
81.2139083341
80.7817565525
80.3302267195
79.8579551644
79.3642838938
78.8495212175
78.3151426666
77.7637259193
77.1990026788
76.625473371
76.0483956193
75.47451861
74.9111655714
74.3662252803
73.8483594923
73.366827817
72.9306290747
72.5484206998
72.228901693
71.9802409368
71.8095730624
71.7228152564
71.7243452172
71.8169679084
72.0015152484
72.2765572157
72.6388544124
73.0831289266
73.6022670005
74.1875578767
74.8289861549
75.5159469224
76.2373648865
76.9816518679
77.736865505
78.4921098364
79.237071501
79.9613340884
80.6560083099
81.313684242
81.9280150395
82.4938262758
83.0071861711
83.4656800736
83.8678913761
84.212719753
84.5004584029
84.7327317519
84.9111413703
85.0383442421
85.1174331045
85.1514174976
85.1444491492
85.1008397399
85.0246688111
84.9197045173
84.7899651167
84.6390933548
84.4700405877
84.2862970537
84.0909378896
83.8861988803
83.6741252893
83.4567196029
83.2361280599
83.0147313044
82.7949860339
82.579644138
82.371934609
82.1756895805
81.9951608007
81.8349953713
81.7001995441
81.5957422295
81.5262818808
81.4965461425
81.5105337675
81.5698804511
81.6752543566
81.8263162737
82.0205749992
82.2539585075
82.5211792897
82.8159523637
83.1313498081
83.4596377331
83.7927138198
84.1228983421
84.4428148892
84.7453840415
85.0242301299
85.2739969024
85.4903099622
85.669245366
85.8074934052
85.9028385777
85.9543480463
85.961275919
85.9231045079
85.8402695794
85.7137116838
85.5451313175
85.337128343
85.0925346342
84.8145188381
84.5073266764
84.1758800904
83.8256984967
83.4631451431
83.094660789
82.7273631524
82.3685126837
82.0248595053
81.7039510642
81.4130705632
81.1591810178
80.9490208001
80.7883691628
80.6823050297
80.6358196719
80.6532790837
80.7375041697
80.8905618371
81.1143818071
81.4098101436
81.7771750838
82.2156383381
82.7234606172
83.2977867474
83.9341647853
84.6275132561
85.3719528004
86.1602454937
86.9844777643
87.8360296643
88.7058918229
89.5847679748
90.4634176058
91.3329748195
92.1845356551
93.0105572411
93.8043140708
94.560108996
95.2734677072
95.9406579057
96.558629071
97.1254193537
97.6403480797
98.1032999835
98.5148321959
98.8765151493
99.1902018986
99.4574443383
99.6802330184
99.8611238108
100.002508995
100.106917303
100.177016486
100.215320477
100.224032033
100.205445286
100.161175374
100.092800721
100.001352953
99.8875845112
99.7521302719
99.5948049116
99.415687609
99.2152525394
98.994277638
98.7519855353
98.487363968
98.200285147
97.8909188012
97.5591064589
97.204395805
96.8270784483
96.4275894324
96.0062904414
95.5641440221
95.1021184958
94.6210639547
94.122337665
93.6077179008
93.079206838
92.5391398473
91.9905399728
91.4358497838
90.8775646962
90.3188814773
89.7630836091
89.2140896705
88.6761347846
88.1529933338
87.6486528136
87.1669924977
86.7115597334
86.2858595423
85.8931330019
85.5365018338
85.2187658574
84.9425366045
84.7098702938
84.522163324
84.3807753596
84.2863354129
84.2387092968
84.2377308202
84.2828631815
84.3724783996
84.5046457031
84.6768652783
84.8856257266
85.1274968978
85.3985470146
85.6943903778
86.0105829268
86.3420068962
86.6829902449
87.0279783961
87.371182331
87.707289947
88.0303672649
88.3341587216
88.6132049415
88.862305298
89.0765253953
89.2508767366
89.3811378262
89.4639239259
89.4965591006
89.4769243977
89.4035068305
89.2758972352
89.0945812188
88.8609363763
88.5772881854
88.2464641465
87.872065549
87.4584939012
87.0110843806
86.5353818624
86.036893361
85.5216060994
84.9955254202
84.4655297139
83.9378576929
83.4168892181
82.9068175584
82.4112731095
81.9330784029
81.4747638482
81.0379720382
80.6234641778
80.2315711152
79.8628248541
79.5168239065
79.1926147031
78.8898516675
78.6083013527
78.3482655148
78.1101362178
77.8937621864
77.699529993
77.527996634
77.3791237793
77.2528541508
77.1489719629
77.0672439674
77.0070329791
76.9672665343
76.9466743082
76.9440331321
76.9578047247
76.9859053528
77.0264028234
77.0775723573
77.13769452
77.2047550052
77.2769301571
77.3525189507
77.4298517418
77.507471027
77.5838875937
77.6583195544
77.7296458506
77.7963661554
77.8576491651
77.9132661713
77.9625832058
78.0042698389
78.0376645323
78.062299372
78.0778099734
78.083641142
78.0789727228
78.0633949475
78.0366642743
77.9986657954
77.948930196
77.8867519848
77.81172666
77.7237272836
77.6228567858
77.5093662858
77.3835560367
77.245622236
77.0957057434
76.9341653274
76.7618003662
76.5795600935
76.3885270329
76.1902016355
75.9862416321
75.7786586201
75.5697959584
75.3622880811
75.1591328801
74.9633278493
74.7782893741
74.6080394425
74.4564671439
74.3279631801
74.2267744713
74.1566424248
74.1216937157
74.1258484327
74.172817565
74.2661882012
74.4086167969
74.6019731741
74.8479168475
75.1476411079
75.5011632011
75.9076255543
76.3659293683
76.8738105179
77.4281631634
78.0258727766
78.6628155647
79.3338476859
80.0338739597
80.7571195645
81.4970580664
82.2470477508
83.0001826735
83.7495293766
84.488305223
85.2102436434
85.9092815983
86.579290986
87.2147794446
87.8116815915
88.3664998534
88.8753114418
89.335580322
89.745618876
90.1043453967
90.4114701294
90.6668117031
90.8714180718
91.0266890744
91.1340681171
91.1956429005
91.2138533752
91.191561344
91.1314936065
91.0362713212
90.9089110299
90.7525183892
90.5697403461
90.3637943521
90.1374593017
89.8928153042
89.6328193829
89.3607296595
89.0798055391
88.7932283008
88.5038809747
88.2145671055
87.9284179668
87.6488300853
87.3793062716
87.1231347123
86.8839581646
86.6656174705
86.4707471786
86.3013235908
86.159618894
86.0476699582
85.9672580249
85.9195225882
85.904922289
85.9245810064
85.9785817136
86.0649899952
86.1816559291
86.3264259434
86.496823909
86.6900770714
86.9029619988
87.1319724297
87.3736178753
87.6245210905
87.8812220665
88.1400530134
88.3975899171
88.6512848496
88.8984459239
89.1363730465
89.3636799178
89.5796175516
89.7836790686
89.9754435703
90.1559366628
90.3261145812
90.4867472002
90.6394458232
90.7858697786
90.9280348743
91.0678683052
91.2080287577
91.3504849744
91.496494352
91.6477344344
91.8053975489
91.9702791139
92.1428462913
92.3231175921
92.5107432395
92.7049796584
92.9046457563
93.1085378793
93.3152042988
93.5220201403
93.7262910569
93.9256663191
94.1177298272
94.3000547696
94.4703518851
94.6265893404
94.7667534029
94.8890998019
94.9924995157
95.0759538556
95.1383802807
95.1791521947
95.1977072598
95.1936988707
95.1672278527
95.118649834
95.0483628801
94.9570062531
94.8452831246
94.7137207055
94.5629915756
94.3940474742
94.2077684002
94.0050265952
93.7868729557
93.5541443653
93.3077955146
93.0490716174
92.7789796442
92.4983650721
92.2084241488
91.9106462249
91.6062919851
91.2961802702
90.9819778252
90.6660474991
90.3496783702
90.0348437722
89.7238336333
89.4185742615
89.1214891426
88.8355458583
88.5632235253
88.3063194244
88.0676901097
87.8495521868
87.6533059254
87.480432616
87.332005994
87.2089309504
87.1116647124
87.0398980444
86.9931380309
86.9708943508
86.9717714322
86.9939118015
87.0359878419
87.0964204079
87.1733996927
87.265791266
87.3727153094
87.4932727086
87.627472147
87.775930829
87.9396286652
88.1208232089
88.3220682721
88.5452023303
88.7923646578
89.0662860009
89.3692977231
89.702932177
90.0675673324
90.4624942634
90.8866578323
91.3377113523
91.8126788157
92.3076295381
92.8175731015
93.3375771561
93.8622501305
94.3861314259
94.9041317165
95.4110746089
95.9020632732
96.3725333307
96.8179194006
97.2342092671
97.6174966618
97.964314098
98.2715116027
98.5360135406
98.7552432111
98.9270862059
99.0500059119
99.1226157474
99.1443274159
99.1149416057
99.0346887029
98.904748002
98.7265037206
98.5022894722
98.235367929
97.9299419555
97.590504328
97.2219184426
96.8297592251
96.4200806628
95.9990337784
95.5729875947
95.1482742662
94.7308525019
94.3268927021
93.9418168625
93.5804754984
93.2477148902
92.9472826286
