-257.65787844
-257.794022646
-254.976401885
-255.583408746
-257.400089643
-256.461396197
-255.643317366
-256.332965983
-257.092209647
-257.558557807
-257.021976011
-256.00222086
-257.114888174
-256.990436514
-256.984455761
-256.272343168
-257.698558236
-256.095881995
-257.745097982
-254.924204078
-258.213733489
-257.439642239
-257.002565287
-256.681298407
-256.19210945
-258.275428907
-257.464444671
-256.428299729
-257.481545933
-255.745014448
-257.626976616
-257.541039701
-257.549174132
-256.578648959
-257.783274732
-255.759451394
-257.20592387
-256.32954399
-257.036761974
-256.705783804
-256.267929374
-256.282635156
-256.788238129
-257.374953919
-254.813350971
-256.850904698
-256.549000937
-255.467882514
-255.943386558
-257.116604162
-255.427617353
-255.630426164
-256.776627028
-256.809994851
-254.608723414
-255.43488405
-256.343599426
-256.520005458
-255.345136208
-255.844751493
-256.193576587
-255.353405238
-255.678708502
-254.857579092
-256.044695392
-256.540558306
-255.088842519
-255.69644272
-255.222856911
-255.935861031
-255.443430283
-254.560601856
-256.093482675
-255.601190362
-254.680462156
-255.427844176
-255.54663927
-256.020302856
-255.759301622
-254.765657507
-255.153938293
-255.127879055
-255.740529077
-256.07637889
-254.230443007
-255.333114524
-254.530717159
-255.768962121
-255.704847202
-254.516927508
-255.757329862
-254.406583714
-255.50692045
-255.503606307
-254.952678943
-254.774952742
-255.836757305
-254.666794113
-255.58121379
-255.040277521
-256.041851124
-255.917039052
-254.881914842
-255.084816014
-255.514011985
-255.247282386
-255.307725673
-255.469254
-255.566791312
-254.396983701
-255.398890764
-255.8173909
-254.415886724
-255.745031263
-255.149961237
-254.970167202
-255.37382719
-255.060625044
-254.834220119
-255.803607796
-255.017239163
-255.171574948
-255.434890972
-255.39196187
-255.106411922
-255.874547973
-253.561382513
-255.675491499
-255.108094723
-253.976614801
-254.571140638
-254.99368764
-254.570547921
-255.329953052
-254.143998704
-255.280425559
-254.724387197
-254.834433169
-254.825448374
-254.17648819
-255.316175257
-254.63052225
-254.629051473
-255.134354832
-254.646956225
-253.609169466
-255.178724487
-254.949999631
-254.252475532
-254.4701405
-255.196086879
-253.775911124
-255.325523341
-254.106308216
-255.601536628
-254.836364065
-254.528961998
-254.411607502
-254.256202808
-255.087217111
-254.969585617
-254.516698247
-254.560971122
-254.195026932
-254.963269017
-255.192229684
-254.384268496
-254.640278408
-254.439607597
-255.641175671
-254.389247756
-254.641268037
-253.858692863
-253.983359017
-255.402364174
-253.819535722
-253.622142995
-254.580783834
-255.217196049
-254.07323238
-254.992211084
-254.202462098
-256.001071529
-253.068477986
-255.183056089
-254.78892108
-254.657053331
-254.099811092
-254.451339767
-255.15056583
-254.314786754
-255.175294836
-255.090121206
-255.740087813
-253.204589311
-255.256419492
-255.038639175
-254.015032296
-254.781471257
-255.098398709
-253.846746385
-255.208275395
-254.764687333
-255.588511509
-255.14816561
-254.396498544
-254.860949468
-253.026955351
-256.960105689
-254.35356446
-255.096042373
-255.08947361
-255.096158665
-255.779336739
-253.901875215
-255.128689087
-255.039909902
-255.516120955
-254.606307753
-255.017168836
-255.850335102
-254.811635853
-255.101781287
-255.111387605
-254.188932835
-255.360275192
-256.446631828
-253.817953248
-253.68371794
-253.747155481
-253.692524738
-254.590812863
-252.915013141
-254.849260758
-253.003008159
-253.632373401
-252.889969028
-253.823192825
-253.396021661
-253.047860356
-252.721065066
-252.775348445
-253.52446765
-252.837795619
-253.20654012
-253.344301681
-253.032420197
-253.203188483
-253.205929131
-253.666588067
-253.886976069
-252.173002652
-252.95705552
-253.586080799
-253.234175843
-252.969437796
-252.723782309
-252.672549559
-253.707442866
-252.208489644
-252.98355651
-252.806749685
-253.545279957
-253.523683999
-251.569420924
-252.866233068
-253.37985807
-253.138655608
-252.878881076
-251.804465791
-253.474766648
-251.668307556
-251.68631186
-253.200479606
-251.922000354
-252.050753856
-251.412801541
-252.180918191
-251.171188989
-252.395899594
-252.978641524
-252.152852906
-249.965916792
-254.03109317
-250.955465933
-252.008954309
-251.377298452
-251.533351165
-252.694962294
-250.856546824
-252.395818886
-251.57214852
-251.506785333
-252.424375938
-251.373522335
-251.60596223
-251.949058789
-251.089530005
-251.466077016
-251.414700023
-251.312144147
-251.717413198
-251.925342059
-251.608941872
-251.054474531
-251.293049317
-251.336216895
-251.92552
-251.346675438
-250.981063083
-251.673484934
-252.113912004
-251.590234236
-252.042540337
-251.797167806
-252.202403063
-251.188226
-251.540033192
-251.549053846
-251.411734539
-251.296025598
-250.927119694
-251.492655504
-250.981016079
-251.158536123
-252.308875699
-251.281541003
-251.084113443
-251.265494085
-250.752628553
-251.494454337
-251.121771717
-252.204271713
-250.964134064
-250.631017503
-251.900769648
-250.836391993
-253.373541129
-251.491220222
-250.445083323
-253.147195366
-252.698023607
-252.070341431
-252.433844253
-250.724522505
-251.561201591
-251.997941877
-251.784197081
-252.065298859
-251.012146664
-252.550765729
-252.225523984
-251.894943815
-252.159130427
-252.566022736
-252.039818035
-251.470672772
-252.598153234
-251.831955027
-252.20021938
-251.909355518
-251.494934732
-252.256358056
-251.85283177
-252.061451134
-252.038233664
-252.040303197
-251.494344376
-251.568979901
-252.797357609
-251.455426593
-252.286161539
-251.857259721
-251.377875643
-252.745913087
-251.202652727
-251.564163505
-253.072634503
-251.888511749
-251.547669403
-251.855713005
-252.209581877
-251.840054074
-252.25037671
-251.864827446
-252.125204333
-251.382379873
-252.175824874
-251.626548897
-252.112281638
-251.646590394
-251.449893849
-253.125768416
-250.645533757
-251.708925635
-252.681215224
-251.786374661
-252.085214797
-251.201771982
-251.88173901
-251.393772297
-252.259445402
-252.333870378
-251.853647049
-251.812534032
-251.419488853
-251.72862346
-252.682199968
-252.437790031
-251.776236611
-253.086903677
-251.184502002
-251.226950113
-253.268355723
-250.391742838
-250.154166574
-250.774822328
-250.879746625
-251.360374709
-250.468625366
-249.212487959
-251.590178658
-251.587454918
-250.784044881
-251.042017481
-251.141982763
-250.879407498
-250.468941105
-250.935532932
-250.787676625
-251.087889911
-250.526755057
-251.397345354
-250.754619513
-250.185593384
-251.084224351
-251.874271448
-251.327000131
-250.100286314
-251.364143441
-250.959990997
-250.223744209
-250.768916276
-250.710390592
-250.56096157
-251.008280864
-249.857129257
-250.677378356
-251.664292442
-249.001616422
-250.721787427
-249.23882084
-249.879461358
-249.372087984
-250.656836582
-249.753811045
-248.696396066
-248.772274592
-249.698077779
-249.43787575
-249.602871249
-249.636529124
-246.76797155
-249.205890478
-248.342652583
-247.167130674
-248.445137877
-246.917487181
-248.556940492
-248.373139887
-247.996106359
-248.34992768
-247.822954888
-247.436190774
-248.4161021
-248.741031803
-248.176163901
-247.840011407
-248.80696491
-248.250364878
-248.278827497
-247.893206527
-247.849396688
-247.745475747
-248.745938212
-247.824615931
-248.424051501
-248.320061084
-248.734574512
-248.534948657
-246.620741778
-250.10299859
-247.651752569
-247.729272331
-248.312551627
-249.253975685
-247.16306749
-248.310767468
-248.214522243
-248.654616944
-248.988258956
-247.57787526
-249.912892403
-249.234955983
-247.938846908
-248.583877141
-249.827238855
-248.294662626
-248.927836309
-248.658839523
-247.924294881
-248.036354778
-248.287224728
-246.878695026
-247.844255371
-248.838289064
-248.201582684
-247.199579341
-247.789307481
-246.39555351
-247.848020974
-247.962227142
-246.61196085
-247.812291254
-247.262740027
-248.256953123
-247.301357908
-247.554187235
-246.804703021
-247.790998747
-248.198911976
-247.28181669
-248.383440295
-247.170640625
-248.647966114
-247.753426334
-247.472531671
-247.614330619
-247.504099257
-247.757705643
-247.734682965
-247.663915784
-246.451255842
-248.799643366
-248.450416599
-246.778142742
-249.303499095
-248.587866359
-248.751233164
-247.774678555
-248.664514419
-248.782078658
-248.969877654
-248.565884261
-249.036990695
-247.84689406
-248.288913517
-248.812917983
-248.65343955
-248.249407171
-248.936268589
-248.03962565
-247.407136322
-249.299640869
-249.883866105
-248.188964927
-248.934001716
-248.380632159
-248.752195656
-247.508787815
-248.480124314
-248.899324005
-248.788805934
-248.235470545
-248.123800252
-248.776245046
-249.922653859
-246.164474149
-249.450918277
-249.304048821
-248.111890941
-248.66964133
-248.921657405
-248.710547497
-247.801794801
-249.436474774
-249.090519127
-247.91527714
-248.965744943
-248.638494681
-248.596097141
-248.475944347
-248.437904184
-248.537339051
-248.707219435
-248.996032758
-248.031105885
-248.378034432
-248.384080217
-249.102424666
-249.119827916
-248.167974468
-248.222345906
-249.462035367
-248.887334759
-248.075722032
-248.155108418
-248.154255089
-248.862659828
-248.53902598
-247.354426486
-247.975685573
-248.891703205
-248.331161029
-248.082839739
-248.639030083
-247.952373532
-248.401849612
-248.216863787
-248.208700319
-248.092924346
-248.437571349
-248.891347015
-247.215181687
-248.211976
-247.644735816
-247.922419129
-247.73655142
-248.469537168
-247.334249984
-248.302092792
-248.566135399
-247.132744093
-247.560788603
-248.145975814
-247.802302023
-247.547759108
-247.950042047
-248.152524946
-247.707264822
-247.265362316
-247.428793171
-248.16364788
-247.167643554
-247.778222747
-248.042241608
-248.395684885
-247.902746885
-246.994104841
-248.402072116
-245.477568344
-246.994649532
-247.023294344
-245.818722789
-246.783105784
-245.692535867
-246.895271604
-247.888879819
-244.754135952
-247.829324227
-247.247946279
-247.13117529
-246.424062632
-247.959904164
-248.138263427
-247.373476569
-246.425913577
-247.618592199
-247.306212941
-247.458572615
-247.927769199
-246.113162437
-247.266853311
-246.370786566
-246.066501321
-246.362114727
-246.552874392
-246.742387063
-246.090849466
-246.534370398
-246.365566221
-246.911611184
-245.59849728
-246.400531372
-246.740204462
-244.939570377
-247.234484418
-247.186774467
-245.818303725
-246.800611186
-246.832323385
-245.846383205
-247.110086881
-247.225512468
-245.444261938
-247.165828965
-246.38721916
-246.615660071
-245.945510969
-247.608073573
-246.266093799
-246.465992112
-246.775205198
-246.932451774
-245.333658244
-244.412848813
-244.180896785
-245.104656137
-245.276643521
-243.237329023
-243.690324654
-245.068182245
-243.690033728
-244.336875088
-243.810629941
-244.907682281
-243.558643757
-244.301822382
-244.234919618
-244.885672169
-244.502763548
-242.851500973
-244.741547732
-244.32594152
-243.484573533
-244.513791869
-244.380817818
-244.232087285
-243.498034143
-244.416765647
-244.459690583
-242.618531073
-245.093177374
-243.106376788
-244.119390567
-243.568790576
-244.371802726
-243.327512721
-244.105041858
-243.969440643
-242.610050829
-244.385226853
-243.752603204
-243.219691618
-243.647478323
-243.420319338
-243.485320812
-243.364494687
-243.23636097
-243.04228646
-243.422800612
-243.755957997
-242.908021829
-243.222788567
-243.473066614
-243.472604433
-243.269315686
-242.921002676
-244.093552418
-242.089296883
-245.245017364
-243.976948707
-242.820305133
-244.372876767
-244.301025938
-243.393898254
-243.047490035
-244.237665817
-242.128320222
-241.817466453
-240.560459124
-241.095370789
-242.378847086
-239.136254953
-239.8314822
-240.017929622
-238.859938194
-240.388610774
-236.64268894
-239.759894015
-240.282199525
-238.488399899
-239.41234186
-239.092151185
-239.823935315
-239.272314736
-239.131628733
-239.84213179
-238.135931234
-239.954549795
-238.949316882
-238.862744842
-238.803261058
-239.451425916
-239.099098656
-238.202650792
-239.257452114
-239.133999133
-239.915776572
-238.530789786
-239.614444807
-238.278632417
-238.2780542
-239.873193441
-237.963592185
-237.865907138
-238.526302964
-239.172725844
-237.594640472
-237.564943069
-238.024769224
-238.425650881
-238.642365649
-237.351073729
-237.69380688
-238.623627912
-238.171963443
-238.519971637
-238.342044789
-237.930975272
-237.646514416
-237.662557858
-239.125556715
-237.367037971
-238.171200782
-238.335352145
-239.341717158
-239.221579502
-238.118909816
-237.539176194
-238.754093858
-237.542457865
-237.424396121
-238.18814412
-237.35101532
-237.968903482
-237.565677769
-237.521389223
-237.73413411
-238.118000608
-238.78161002
-236.175325273
-238.645954186
-237.307723114
-238.024465239
-236.821267417
-238.88751922
-237.881528418
-237.112666687
-238.530249781
-238.016807772
-238.13731872
-237.594577507
-238.44301657
-238.415586732
-238.75929497
-236.467458763
-238.030917629
-237.006750999
-237.134257871
-237.218547187
-237.700367309
-237.511224078
-237.245994325
-236.1194944
-238.024396143
-237.067362383
-236.248725774
-236.792950367
-238.501108448
-237.644960841
-238.922531436
-238.760316289
-237.95901428
-237.461744296
-238.457838141
-237.895500796
-239.271586977
-238.597050622
-237.035180747
-237.550864153
-238.798466009
-237.583269046
-238.172544925
-238.49265468
-237.549293924
-238.312443688
-238.275655997
-238.050524765
-238.546830037
-237.95005078
-237.536348564
-238.903632675
-238.142701432
-237.611249341
-237.698426893
-238.800490079
-237.816695938
-237.528684138
-237.204617457
-238.344192167
-238.390822912
-236.306702781
-239.114503612
-236.9505632
-237.661067344
-236.114626081
-237.403231095
-237.597813007
-236.058162696
-237.899541342
-236.671328012
-237.057835112
-237.519234661
-236.713369665
-236.619287816
-237.125042966
-236.164460255
-237.193302185
-236.968814287
-236.018528875
-237.42522922
-235.444881403
-237.306975726
-237.337384888
-236.047071457
-238.156997895
-238.234198006
-235.255024388
-237.307446941
-234.868081077
-237.491580639
-236.087103036
-235.249065867
-236.966354591
-236.789868563
-235.669401586
-236.23574857
-236.876462636
-233.690104132
-236.115637426
-234.010271313
-234.456692654
-234.238944859
-235.895691416
-233.153981616
-234.339350639
-235.208015141
-234.463423594
-234.06103
-234.716442183
-233.647404647
-234.425656114
-234.276325693
-234.599333689
-233.617728179
-235.151681066
-235.45775377
-234.857343951
-233.058901769
-234.58769584
-234.77539489
-234.325330926
-233.79435458
-234.110603048
-234.632970976
-233.380628029
-234.964888309
-233.695080234
-234.31744169
-233.993218744
-234.543640294
-234.334916594
-234.221315068
-233.655756107
-233.783455255
-235.06824419
-233.114762326
-234.619380042
-234.48277306
-234.298610787
-234.031729403
-233.845429732
-235.211148433
-234.144511825
-233.996688856
-234.430372814
-233.630575268
-234.77211491
-234.966825592
-233.247691357
-234.556900678
-234.625746762
-235.335438391
-232.533977874
-234.613984423
-234.059479435
-233.156408685
-234.337659032
-234.245459183
