-257.65787844
-257.828056607
-257.81967017
-257.79390612
-257.743385781
-257.667565978
-257.580344091
-257.51100275
-257.489455793
-257.522918903
-257.592439102
-257.666083522
-257.71990812
-257.743201528
-257.739845408
-257.713936349
-257.677881701
-257.641064777
-257.609441521
-257.592205493
-257.591356011
-257.60364122
-257.625466357
-257.650433065
-257.681458183
-257.706969584
-257.727849349
-257.74554102
-257.761903612
-257.77692036
-257.78533688
-257.770693015
-257.736447815
-257.685502274
-257.636412026
-257.630984215
-257.679177295
-257.73467334
-257.753007406
-257.747024323
-257.745014799
-257.747247556
-257.746322855
-257.741906963
-257.73900467
-257.74399549
-257.748516536
-257.736527109
-257.699042479
-257.663700392
-257.674536189
-257.733572447
-257.782565886
-257.777241206
-257.73173491
-257.714919824
-257.745470936
-257.785675972
-257.808760524
-257.80081298
-257.753348995
-257.670259976
-257.612432123
-257.649147279
-257.751132286
-257.823896267
-257.833053138
-257.803701544
-257.77353981
-257.754113865
-257.742264351
-257.73482906
-257.729957881
-257.729740867
-257.72542641
-257.707593783
-257.672759498
-257.651071233
-257.677961443
-257.742732843
-257.814163704
-257.87724081
-257.906408552
-257.877073422
-257.799764105
-257.730201709
-257.700057664
-257.70107697
-257.724281691
-257.759679343
-257.785122481
-257.775263661
-257.725047839
-257.653991052
-257.609002942
-257.641724195
-257.728518069
-257.80888582
-257.839411974
-257.82946934
-257.799203958
-257.773497788
-257.762278388
-257.750025077
-257.715971362
-257.687864112
-257.716171526
-257.773094307
-257.810901759
-257.820367092
-257.807259872
-257.770986989
-257.716982852
-257.667062274
-257.644322327
-257.653753407
-257.703509277
-257.76807955
-257.806615942
-257.807114614
-257.784750759
-257.759537445
-257.746133312
-257.746513069
-257.751525783
-257.750476228
-257.74331154
-257.722800389
-257.696302005
-257.671106676
-257.656533724
-257.660471664
-257.68647128
-257.725999589
-257.768648175
-257.802074609
-257.807042575
-257.78138706
-257.745142202
-257.725142572
-257.729015272
-257.729271992
-257.7140963
-257.707157754
-257.720882322
-257.743532213
-257.755291844
-257.754654075
-257.755053853
-257.758332019
-257.771453713
-257.782021883
-257.777228623
-257.75349213
-257.716127376
-257.69126889
-257.688950668
-257.709246825
-257.743874502
-257.783341074
-257.810473374
-257.8146182
-257.794923491
-257.768238559
-257.740900011
-257.712975937
-257.6924482
-257.683514405
-257.691007759
-257.716891831
-257.742224184
-257.753413094
-257.746144316
-257.722497636
-257.702489339
-257.700256149
-257.714798873
-257.738409625
-257.757898275
-257.775253467
-257.784724065
-257.786199509
-257.772047617
-257.754543642
-257.738946088
-257.717723489
-257.692445203
-257.680572054
-257.699529008
-257.733973213
-257.753286883
-257.748869869
-257.757270971
-257.782714209
-257.806046233
-257.813632349
-257.800054165
-257.767520166
-257.726597641
-257.696525476
-257.695205296
-257.729881806
-257.777941669
-257.807119375
-257.801613808
-257.796319781
-257.809262235
-257.798411532
-257.749146533
-257.693482479
-257.666759729
-257.673126727
-257.709175858
-257.752734635
-257.787396491
-257.804090669
-257.810806842
-257.814403582
-257.80433253
-257.773014422
-257.728144961
-257.692066012
-257.692729505
-257.724071695
-257.760320901
-257.786510285
-257.795102903
-257.785783476
-257.760847362
-257.732479915
-257.711708709
-257.706578952
-257.716154172
-257.730449556
-257.738775809
-257.733946996
-257.728844615
-257.745287405
-257.784452449
-257.812097326
-257.809613754
-257.784901402
-257.752460724
-257.728589334
-257.722508171
-257.720579516
-257.702391088
-257.69263476
-257.713136162
-257.736802392
-257.754251066
-257.765559537
-257.775652145
-257.78606369
-257.793943396
-257.788735474
-257.75936951
-257.71035155
-257.658676661
-257.625986911
-257.623899651
-257.651573118
-257.704676388
-257.761461983
-257.809312086
-257.833976459
-257.830703384
-257.801015634
-257.757684095
-257.71891421
-257.709895454
-257.729084237
-257.746336051
-257.739879339
-257.71869282
-257.704006783
-257.704359295
-257.727434528
-257.759478613
-257.781174378
-257.782970661
-257.773318645
-257.770268212
-257.782824033
-257.800632802
-257.79838334
-257.764766788
-257.715370012
-257.688429295
-257.701888038
-257.73531279
-257.757874311
-257.768059395
-257.776875816
-257.776908269
-257.762830193
-257.745018289
-257.730078736
-257.722392695
-257.722182806
-257.721578811
-257.714754081
-257.693238714
-257.668965285
-257.668057651
-257.70363092
-257.749310926
-257.773899213
-257.769001
-257.745065896
-257.70764875
-257.675925055
-257.664666583
-257.676000055
-257.70662698
-257.745164399
-257.781366894
-257.800977695
-257.795587176
-257.764514501
-257.737342299
-257.738619587
-257.76180925
-257.789704085
-257.792921694
-257.769442282
-257.697392705
-257.604205287
-257.60121595
-257.701693509
-257.801070119
-257.845001151
-257.853994975
-257.843305463
-257.81430624
-257.758263383
-257.699454118
-257.691781311
-257.729946206
-257.767182095
-257.778457893
-257.759858858
-257.726568156
-257.698927116
-257.705198711
-257.748544263
-257.794577333
-257.806121028
-257.7699689
-257.714339279
-257.703024069
-257.724974822
-257.72325483
-257.689513754
-257.655968112
-257.658740274
-257.698243069
-257.7492802
-257.784962665
-257.795595906
-257.785328546
-257.763420076
-257.735604407
-257.71285897
-257.686641825
-257.66193623
-257.667576807
-257.725671773
-257.796202944
-257.825396425
-257.805134628
-257.759575151
-257.723448546
-257.722644073
-257.742469526
-257.764466283
-257.782402168
-257.786763239
-257.770218292
-257.723879094
-257.660143831
-257.627381376
-257.655024423
-257.716238312
-257.769416263
-257.799814784
-257.805073949
-257.789011407
-257.764396562
-257.750875156
-257.752764185
-257.757990837
-257.74982115
-257.722273569
-257.687459747
-257.675593375
-257.698590043
-257.742700572
-257.777571225
-257.791637024
-257.790022799
-257.783648596
-257.760877253
-257.724024397
-257.710175057
-257.743944875
-257.798894093
-257.841742788
-257.851403455
-257.831795763
-257.789842752
-257.729695283
-257.665713154
-257.642699294
-257.66976127
-257.699591798
-257.71686202
-257.733889266
-257.768612313
-257.81108518
-257.833002211
-257.820076461
-257.791590945
-257.770764221
-257.761392081
-257.752862767
-257.736373413
-257.711932462
-257.693798526
-257.696706573
-257.722614212
-257.755915503
-257.781528382
-257.789049514
-257.783106692
-257.770870253
-257.774538185
-257.791112052
-257.787643527
-257.755685508
-257.745404535
-257.773672789
-257.802340413
-257.798927856
-257.776917124
-257.753367059
-257.730419405
-257.705472769
-257.693850638
-257.711198634
-257.753245767
-257.79015885
-257.80530402
-257.798530342
-257.787478451
-257.78038502
-257.782219035
-257.793709838
-257.801660198
-257.77874534
-257.74079125
-257.727803021
-257.749850583
-257.78766177
-257.819683707
-257.831987203
-257.808520457
-257.752205811
-257.694085975
-257.667471443
-257.689505116
-257.738348143
-257.790886391
-257.827819714
-257.841252495
-257.830966528
-257.795752083
-257.748515911
-257.705508065
-257.687165077
-257.695755762
-257.717504367
-257.741493799
-257.763735752
-257.784292984
-257.801417928
-257.806427044
-257.793258396
-257.759073414
-257.721034146
-257.70079284
-257.704197312
-257.722052457
-257.745449687
-257.774690214
-257.802327815
-257.812884951
-257.807011408
-257.785487636
-257.756049797
-257.7319646
-257.721199012
-257.722492219
-257.733230147
-257.745654789
-257.764059143
-257.782812795
-257.793990411
-257.799756628
-257.795633937
-257.790540863
-257.788564129
-257.782169946
-257.758963251
-257.734287155
-257.742858313
-257.799060097
-257.859620813
-257.873788918
-257.816629819
-257.714886017
-257.640830022
-257.643374176
-257.705297914
-257.772913473
-257.811436672
-257.833165435
-257.83249094
-257.827522498
-257.818641793
-257.807776657
-257.781297775
-257.732470695
-257.678895656
-257.65115907
-257.672152611
-257.725162057
-257.79499303
-257.85148394
-257.879378016
-257.864165032
-257.798580198
-257.710653362
-257.6545518
-257.668724802
-257.724899808
-257.769191397
-257.778300601
-257.761732889
-257.751623038
-257.759487337
-257.789299979
-257.817475497
-257.826765071
-257.813324388
-257.78540904
-257.75328875
-257.718463286
-257.689448683
-257.6806976
-257.701885347
-257.741117532
-257.775785368
-257.792090358
-257.786023591
-257.765403115
-257.744196439
-257.741751991
-257.756402766
-257.765936837
-257.759541546
-257.741889293
-257.738090991
-257.764424145
-257.814574047
-257.841441263
-257.80909244
-257.729985948
-257.689436484
-257.723111766
-257.787375453
-257.834803707
-257.842886857
-257.819961207
-257.78256153
-257.743931359
-257.721597712
-257.721586296
-257.734214907
-257.738471584
-257.731824684
-257.72462502
-257.727274076
-257.744624456
-257.770646197
-257.793069627
-257.801118199
-257.792390775
-257.774537598
-257.753345817
-257.733967706
-257.73330357
-257.746401306
-257.758691346
-257.762601995
-257.766298688
-257.777901839
-257.791022975
-257.800397374
-257.804987922
-257.805979947
-257.793514022
-257.758570386
-257.712553577
-257.691515418
-257.717399922
-257.769677096
-257.806666251
-257.816158199
-257.807005795
-257.787210786
-257.759840125
-257.734714128
-257.729087175
-257.741671822
-257.766757689
-257.783813773
-257.780736314
-257.762041774
-257.750449504
-257.756400642
-257.770030372
-257.77778262
-257.775137464
-257.770489662
-257.768101954
-257.769186427
-257.770721858
-257.76964727
-257.758281492
-257.737019807
-257.717883754
-257.71364491
-257.719296278
-257.726458431
-257.736193683
-257.756595951
-257.789869845
-257.813989489
-257.811845963
-257.779823798
-257.736272314
-257.704971897
-257.707808275
-257.738920645
-257.775574864
-257.798839529
-257.817265271
-257.841260964
-257.866876623
-257.86612469
-257.817419568
-257.731768651
-257.650627688
-257.626233056
-257.676365248
-257.765823018
-257.837003439
-257.861926299
-257.844638514
-257.803659913
-257.749354406
-257.695480504
-257.66839196
-257.68105744
-257.727923395
-257.789760292
-257.843646972
-257.867410195
-257.847750189
-257.800503064
-257.762621818
-257.75324869
-257.759506948
-257.758851856
-257.749266406
-257.738516926
-257.733171442
-257.730845104
-257.72481499
-257.729508997
-257.741894543
-257.75914526
-257.767534621
-257.761354181
-257.741551763
-257.718056624
-257.706150593
-257.710734503
-257.721985413
-257.73282654
-257.741485896
-257.748196668
-257.757128782
-257.768596841
-257.78105188
-257.787600892
-257.794485819
-257.799725906
-257.780752719
-257.72702551
-257.665841941
-257.65172337
-257.702571383
-257.777787719
-257.831202632
-257.848128314
-257.846646848
-257.837737785
-257.821558126
-257.796889695
-257.771071632
-257.74825178
-257.731307648
-257.706437527
-257.678170736
-257.692104378
-257.741027973
-257.778244254
-257.788140011
-257.779555311
-257.769639414
-257.770662473
-257.787193625
-257.800092774
-257.789388454
-257.754846216
-257.727500615
-257.731183502
-257.735815088
-257.717953302
-257.711753655
-257.746881173
-257.786488702
-257.799336382
-257.787168173
-257.774581931
-257.769510143
-257.756034774
-257.725493245
-257.712169689
-257.746822838
-257.787496824
-257.801840665
-257.799886177
-257.798467295
-257.78867402
-257.756593464
-257.699030478
-257.650649777
-257.656055721
-257.721526415
-257.791358093
-257.820074479
-257.8036618
-257.763686342
-257.733669703
-257.732653516
-257.766138014
-257.790130415
-257.764373668
-257.680318384
-257.609698354
-257.633571302
-257.719501231
-257.779025883
-257.785386892
-257.767252874
-257.753902753
-257.750443721
-257.753618962
-257.753230811
-257.748040914
-257.737909443
-257.726504071
-257.7158192
-257.696208137
-257.672155628
-257.667794295
-257.691215717
-257.72845185
-257.751458013
-257.761363846
-257.762801164
-257.762872443
-257.761146394
-257.757001699
-257.759651435
-257.760640617
-257.757427565
-257.75303275
-257.74510025
-257.727458515
-257.709395057
-257.701020182
-257.720487518
-257.761644707
-257.796117097
-257.806424948
-257.778568308
-257.721801033
-257.677968253
-257.689618829
-257.750540273
-257.81014455
-257.829724531
-257.801960441
-257.741423698
-257.693064757
-257.697423339
-257.743723503
-257.788351858
-257.792241868
-257.763796489
-257.726735699
-257.696682084
-257.690771358
-257.713640532
-257.751873418
-257.78113861
-257.795774869
-257.779340685
-257.721825197
-257.649734774
-257.625011781
-257.678126401
-257.764017616
-257.820333023
-257.82817723
-257.805227151
-257.77168083
-257.749704543
-257.740919498
-257.742694058
-257.741165719
-257.724074619
-257.679140283
-257.636666411
-257.655924323
-257.737260996
-257.822092686
-257.857642269
-257.834430647
-257.783681494
-257.739892843
-257.716132234
-257.703746135
-257.69708794
-257.701328865
-257.713461733
-257.723147866
-257.725418822
-257.722612935
-257.718620876
-257.720648074
-257.725329575
-257.728772113
-257.732191709
-257.734092457
-257.728601122
-257.708357406
-257.682316728
-257.6705461
-257.685625519
-257.725347203
-257.773454969
-257.809273659
-257.820075708
-257.80609963
-257.780400273
-257.755009381
-257.741656155
-257.739969906
-257.75161683
-257.758796974
-257.761953007
-257.758507711
-257.741936915
-257.703420492
-257.665285154
-257.656398543
-257.679908939
-257.708080797
-257.730308565
-257.763301077
-257.801799732
-257.823673009
-257.823047602
-257.795444475
-257.755336417
-257.72040491
-257.701377282
-257.699633027
-257.700707903
-257.709481097
-257.723603539
-257.741423622
-257.757896486
-257.771232018
-257.779932343
-257.780454515
-257.777410523
-257.768342174
-257.758643859
-257.751405571
-257.743594492
-257.726562151
-257.699900422
-257.682384635
-257.687399226
-257.709101729
-257.731098683
-257.736371586
-257.722885081
-257.700077546
-257.687251736
-257.70150006
-257.731058363
-257.755313929
-257.766323716
-257.765800388
-257.761556291
-257.762522962
-257.77070995
-257.787686707
-257.806932975
-257.811353473
-257.783540488
-257.707041209
-257.605312881
-257.564105443
-257.639451017
-257.756775409
-257.83115436
-257.841182801
-257.826569002
-257.818510385
-257.806925186
-257.766776321
-257.706845265
-257.673468454
-257.687047562
-257.7399653
-257.787677484
-257.809672896
-257.808331967
-257.790332833
-257.770995173
-257.756977292
-257.733326212
-257.672998731
-257.620202226
-257.653826389
-257.735480119
-257.784725047
-257.793330478
-257.77501713
-257.751293385
-257.738285067
-257.75147918
-257.783788598
-257.805455147
-257.806841088
-257.778733708
-257.727536315
-257.673123228
-257.647641711
-257.669616828
-257.728791282
-257.7893777
-257.828302202
-257.827490467
-257.78568838
-257.721209064
-257.671864897
-257.665968588
-257.694789105
-257.728319355
-257.751804344
-257.767227978
-257.777250833
-257.782051629
-257.78287789
-257.786649897
-257.795118942
-257.790039255
-257.746592211
-257.681997037
-257.632930263
-257.628472069
