-257.65787844
-257.759510288
-257.759222981
-257.757441706
-257.753627764
-257.747165904
-257.737480394
-257.724389923
-257.708078274
-257.689541625
-257.670955965
-257.654567261
-257.643074513
-257.638244427
-257.640737371
-257.650231037
-257.664183907
-257.680515184
-257.696057168
-257.709699999
-257.720400568
-257.727027155
-257.730225373
-257.730324114
-257.726742335
-257.720607784
-257.712331945
-257.704245549
-257.696255935
-257.689123624
-257.68228517
-257.677291539
-257.674258914
-257.67409274
-257.675125844
-257.678080914
-257.683119324
-257.689006743
-257.693278339
-257.699544614
-257.706943896
-257.713187946
-257.717124272
-257.721595527
-257.725570818
-257.729373626
-257.733234651
-257.737107996
-257.740175053
-257.741527646
-257.742466981
-257.741323983
-257.737355127
-257.729729567
-257.72062618
-257.709334009
-257.696777183
-257.688717395
-257.686946743
-257.69294592
-257.704141348
-257.717015545
-257.726428939
-257.730660836
-257.731636511
-257.729546344
-257.72897026
-257.728823447
-257.72951393
-257.730735754
-257.730950532
-257.730261045
-257.729380461
-257.728743912
-257.729709661
-257.731519069
-257.732475548
-257.732372896
-257.730750912
-257.725342767
-257.716973229
-257.708053177
-257.70291015
-257.70435284
-257.712737165
-257.726302967
-257.738808136
-257.744849405
-257.743832447
-257.736040568
-257.726427245
-257.720487972
-257.722118458
-257.728391706
-257.73603346
-257.743707838
-257.748435214
-257.750664762
-257.747808123
-257.742271547
-257.730695392
-257.713762934
-257.695546125
-257.682061823
-257.678060593
-257.688363755
-257.708721909
-257.730723657
-257.747324349
-257.755895638
-257.758310052
-257.75335079
-257.746384551
-257.740585641
-257.73569034
-257.732210919
-257.729037009
-257.728328764
-257.727201415
-257.725974773
-257.725241206
-257.724131263
-257.723475512
-257.722924302
-257.720568143
-257.716281019
-257.709480451
-257.701999972
-257.695625834
-257.695652429
-257.703033575
-257.715933693
-257.731494227
-257.746003038
-257.760637274
-257.773929401
-257.782674424
-257.785594027
-257.779379589
-257.76681638
-257.749529421
-257.733408464
-257.721741934
-257.714985386
-257.712458224
-257.71200462
-257.715235239
-257.721132706
-257.729119233
-257.737215913
-257.741583992
-257.74160395
-257.735558724
-257.724580703
-257.709431618
-257.694489348
-257.68249769
-257.678049355
-257.684229295
-257.699532626
-257.718222376
-257.736123767
-257.75005491
-257.757249148
-257.75811774
-257.754728933
-257.749602636
-257.742205443
-257.735947502
-257.731055115
-257.729164722
-257.726795913
-257.722645251
-257.715411542
-257.707439471
-257.704862382
-257.708530062
-257.718286504
-257.731201621
-257.742604148
-257.749122489
-257.752153253
-257.753607528
-257.750102273
-257.744641102
-257.736208304
-257.724742914
-257.712746389
-257.702058605
-257.694450334
-257.691119427
-257.689614273
-257.69396256
-257.704004895
-257.717585299
-257.731323536
-257.742145518
-257.747645489
-257.748474509
-257.745173078
-257.740790826
-257.735231493
-257.730226729
-257.726780374
-257.726651658
-257.725645165
-257.726616545
-257.727838702
-257.727689827
-257.726210743
-257.724279761
-257.720542463
-257.71656176
-257.709813422
-257.703303211
-257.698008926
-257.693582573
-257.691585491
-257.691787431
-257.694876322
-257.70123241
-257.708688801
-257.718035981
-257.727413189
-257.736338542
-257.743971974
-257.748075017
-257.748490692
-257.743803529
-257.736056579
-257.726953748
-257.716478138
-257.712535689
-257.710958323
-257.711903173
-257.713195213
-257.711936239
-257.709885573
-257.708122817
-257.708597952
-257.710790946
-257.714192619
-257.71860188
-257.722407876
-257.724431189
-257.72598665
-257.727864726
-257.728732199
-257.729310849
-257.730307264
-257.730824492
-257.731261235
-257.731784518
-257.731321903
-257.728960711
-257.72504838
-257.718740318
-257.712074167
-257.704939474
-257.698881326
-257.695661466
-257.697505533
-257.702874899
-257.711664731
-257.721852976
-257.731947266
-257.739452472
-257.746367369
-257.747210845
-257.746761232
-257.742585554
-257.737688886
-257.731120362
-257.725488338
-257.720091386
-257.714859749
-257.708313098
-257.700596716
-257.696342607
-257.694253282
-257.694196034
-257.698475523
-257.703435249
-257.709478253
-257.715739326
-257.719297497
-257.720327429
-257.71797804
-257.714601292
-257.711134998
-257.707681574
-257.707555548
-257.708945876
-257.712111972
-257.718656282
-257.723866832
-257.727855374
-257.729442784
-257.730094339
-257.730546034
-257.72933938
-257.72844062
-257.726846826
-257.724788981
-257.723481193
-257.722505252
-257.721237489
-257.716520716
-257.711216084
-257.706248976
-257.702824229
-257.701498575
-257.702771285
-257.706304233
-257.711512028
-257.713894903
-257.713238516
-257.709036975
-257.706995416
-257.708412389
-257.715559188
-257.724768724
-257.732784191
-257.738648107
-257.742674746
-257.745010212
-257.744885563
-257.742470913
-257.736122801
-257.726745714
-257.715333029
-257.704475351
-257.695449281
-257.69065577
-257.691375953
-257.697061603
-257.707165751
-257.719159582
-257.731141464
-257.7407322
-257.745185724
-257.745671355
-257.740289206
-257.732108814
-257.721009515
-257.710232175
-257.7011218
-257.695352203
-257.692200628
-257.693092518
-257.697564627
-257.703755953
-257.711302807
-257.717074394
-257.720851586
-257.721861124
-257.720714408
-257.718369735
-257.716658141
-257.716806914
-257.71902878
-257.723138597
-257.726979502
-257.729375084
-257.731421268
-257.730567386
-257.726607504
-257.720834785
-257.713395172
-257.705922003
-257.700857412
-257.700734745
-257.704745001
-257.711537782
-257.718740878
-257.7248388
-257.727266796
-257.724025551
-257.718540055
-257.711642333
-257.706615079
-257.704627231
-257.706413048
-257.709934293
-257.713894528
-257.716710951
-257.718119064
-257.717814235
-257.717833725
-257.718723265
-257.719693303
-257.719575501
-257.719561536
-257.71756681
-257.7142825
-257.709413678
-257.702435263
-257.69808707
-257.694856839
-257.694930511
-257.698332556
-257.704341216
-257.71244664
-257.72068133
-257.726017113
-257.726203362
-257.720818464
-257.71076707
-257.699155905
-257.692987358
-257.697512929
-257.710108337
-257.727759433
-257.742364117
-257.75026102
-257.751672429
-257.745936942
-257.736940135
-257.724874467
-257.712464261
-257.70242057
-257.696325551
-257.695189506
-257.700383808
-257.708335972
-257.71517616
-257.718642436
-257.717514704
-257.711913327
-257.704858646
-257.697949361
-257.691969937
-257.688458271
-257.687774713
-257.689055945
-257.694516086
-257.701543308
-257.710767594
-257.719624255
-257.72693798
-257.731078101
-257.731374622
-257.728316031
-257.720591123
-257.711643589
-257.700784123
-257.690176063
-257.684984217
-257.684724409
-257.688502182
-257.694488231
-257.699436974
-257.703041667
-257.704216137
-257.700957537
-257.697201289
-257.693696711
-257.693310898
-257.694615003
-257.700896996
-257.708695111
-257.715294765
-257.721193508
-257.724728169
-257.724242345
-257.722202263
-257.718190126
-257.71228656
-257.70478336
-257.699575866
-257.696109232
-257.694399932
-257.696359883
-257.700753108
-257.705755518
-257.715214728
-257.722654536
-257.727459199
-257.72820211
-257.724033168
-257.716832967
-257.708241591
-257.700275144
-257.695148059
-257.692105591
-257.692254274
-257.695784604
-257.703611902
-257.71506812
-257.726324031
-257.734447342
-257.736648529
-257.734400972
-257.730286323
-257.723598754
-257.718079539
-257.711465691
-257.706214586
-257.700228042
-257.695763211
-257.693231923
-257.694094246
-257.697619091
-257.702578185
-257.708404648
-257.711839555
-257.711612942
-257.709289588
-257.706232408
-257.702184763
-257.700020305
-257.699999628
-257.701326189
-257.704579304
-257.708271135
-257.713198044
-257.716860232
-257.72139031
-257.725709071
-257.729407217
-257.732333743
-257.735034779
-257.73603748
-257.739588379
-257.740197919
-257.73693415
-257.723115356
-257.700334814
-257.67384112
-257.654528296
-257.651741302
-257.665162977
-257.68580338
-257.704873647
-257.718169679
-257.726204029
-257.730237742
-257.733891992
-257.737723958
-257.741163139
-257.743084262
-257.741211568
-257.732859022
-257.71819024
-257.705118013
-257.69819325
-257.700195412
-257.705003495
-257.705202935
-257.699207978
-257.69290413
-257.690350027
-257.69428054
-257.703136747
-257.713735549
-257.722730264
-257.7287863
-257.731952921
-257.733156911
-257.732503511
-257.727405839
-257.718590852
-257.709207006
-257.699240757
-257.691738948
-257.687835099
-257.690623573
-257.696566804
-257.70467973
-257.713424032
-257.719803957
-257.724087458
-257.726277375
-257.728335269
-257.730318114
-257.732310551
-257.733491148
-257.731408255
-257.728279166
-257.723672566
-257.717411951
-257.711223311
-257.703913095
-257.69810255
-257.69299439
-257.690578269
-257.691987419
-257.695803058
-257.701911362
-257.709904072
-257.718619619
-257.725881089
-257.729895619
-257.728547829
-257.722552324
-257.710845074
-257.698938054
-257.691379201
-257.691299737
-257.699569804
-257.712719215
-257.726207023
-257.735467153
-257.737969717
-257.734097262
-257.725672618
-257.716659018
-257.711140296
-257.712778366
-257.718575526
-257.725681743
-257.727970732
-257.726269263
-257.721010558
-257.712401953
-257.703491207
-257.694573553
-257.690208183
-257.687310211
-257.686946988
-257.689444868
-257.69352607
-257.699381453
-257.705090119
-257.711312829
-257.717190138
-257.721400609
-257.723524344
-257.723475521
-257.719578334
-257.712357254
-257.703436762
-257.694908089
-257.688803442
-257.688271591
-257.692271764
-257.698678163
-257.705265044
-257.709836429
-257.712088596
-257.711768092
-257.709980905
-257.708609953
-257.7079446
-257.708592393
-257.709748759
-257.710928117
-257.710836956
-257.710440439
-257.709079957
-257.708976851
-257.709187739
-257.708649536
-257.708823905
-257.708088696
-257.706223137
-257.702537218
-257.697648992
-257.691165038
-257.687636228
-257.686090601
-257.688505693
-257.69439958
-257.702549505
-257.710616699
-257.715739966
-257.717212746
-257.715139727
-257.71094642
-257.70619932
-257.703943402
-257.703225452
-257.70495887
-257.707309106
-257.708623999
-257.709036539
-257.70839497
-257.706988084
-257.704809887
-257.703443879
-257.702783125
-257.705137665
-257.709231295
-257.715104599
-257.721603497
-257.726818759
-257.729442229
-257.729246176
-257.726403795
-257.721138043
-257.715230245
-257.707694139
-257.700963654
-257.694183366
-257.688843686
-257.687155808
-257.689360046
-257.694640508
-257.702907446
-257.71166025
-257.719320437
-257.724725846
-257.728195657
-257.730740337
-257.731169107
-257.7286823
-257.723549899
-257.714567504
-257.700326356
-257.683398468
-257.669902005
-257.66614916
-257.675644282
-257.695285822
-257.716835685
-257.733456393
-257.74508478
-257.748590752
-257.749010679
-257.74604603
-257.741836149
-257.734525582
-257.724507771
-257.71239063
-257.698965738
-257.686185334
-257.677619455
-257.67681961
-257.683634784
-257.695049843
-257.708145155
-257.718635415
-257.725965989
-257.730363585
-257.731286598
-257.729458302
-257.724936462
-257.716256283
-257.703471027
-257.693906321
-257.691466911
-257.700614083
-257.714436374
-257.726840473
-257.733110064
-257.733292084
-257.729130106
-257.722284303
-257.715270503
-257.707854894
-257.701597945
-257.697717917
-257.696795425
-257.699292167
-257.702336842
-257.705858816
-257.707294953
-257.708231981
-257.708499264
-257.707692134
-257.70692466
-257.705534091
-257.705025168
-257.705223432
-257.707250585
-257.710368492
-257.712879176
-257.715509202
-257.716552098
-257.715024009
-257.713185565
-257.710026175
-257.709702774
-257.711128254
-257.715855458
-257.719754683
-257.722771124
-257.722607767
-257.722231879
-257.71963172
-257.717859956
-257.717285317
-257.716695774
-257.717444091
-257.717892438
-257.717652156
-257.715798398
-257.711333827
-257.708388612
-257.707175365
-257.707720482
-257.708714569
-257.710094676
-257.710067451
-257.707238219
-257.699143887
-257.69107692
-257.68602598
-257.688716852
-257.698235791
-257.711292266
-257.723838414
-257.731773305
-257.734503758
-257.732856025
-257.729429545
-257.726966615
-257.725349224
-257.723923935
-257.721048096
-257.717007101
-257.711066485
-257.706015847
-257.698931471
-257.692813128
-257.689273546
-257.687042221
-257.688030159
-257.691449166
-257.695112657
-257.69847189
-257.700621524
-257.701065091
-257.701774119
-257.701902751
-257.703972538
-257.70778704
-257.710931135
-257.71423315
-257.715460743
-257.714647751
-257.710959767
-257.706472375
-257.701330482
-257.696836536
-257.694191688
-257.693503896
-257.695416169
-257.699201206
-257.70392846
-257.710290833
-257.717709451
-257.725122151
-257.730464908
-257.731821451
-257.727292314
-257.712937353
-257.690239151
-257.666218304
-257.650923989
-257.650543454
-257.663855549
-257.681716784
-257.698514036
-257.70833376
-257.712967577
-257.713742264
-257.71332757
-257.712961442
-257.712589153
-257.713688587
-257.714824718
-257.715351507
-257.715185698
-257.714011366
-257.712761701
-257.710415209
-257.709716487
-257.709865264
-257.71003912
-257.710454089
-257.70945113
-257.706021141
-257.699695848
-257.692217373
-257.68522438
-257.681986454
-257.682075014
-257.685741674
-257.691749497
-257.697659541
-257.702683953
-257.707254974
-257.712435196
-257.71765004
-257.723058121
-257.727613543
-257.727046212
-257.720791259
-257.709458682
-257.695151079
-257.684124535
-257.681667918
-257.68703722
-257.699610251
-257.714209618
-257.726362694
-257.732801696
-257.732789794
-257.726740513
-257.716727029
-257.704594186
-257.691872649
-257.682190582
-257.677188849
-257.676903159
-257.682684292
-257.692187402
-257.703856708
-257.714453751
-257.723607146
-257.73012861
-257.733094164
-257.733045965
-257.730742625
-257.725512462
-257.717839751
-257.709041659
-257.697431321
-257.686634808
-257.681057256
-257.683584861
-257.6922337
-257.701761086
-257.707794996
-257.708105709
-257.70568571
-257.701596855
-257.698914728
-257.698094535
-257.698827139
-257.701380375
-257.705115974
-257.707729408
-257.709813719
-257.710539366
-257.709134879
-257.70724247
-257.706846254
-257.707490276
-257.709598214
-257.713809175
-257.715535648
-257.714233406
-257.707691762
-257.69873766
-257.688782374
-257.681366067
-257.678696435
-257.680870204
-257.685753812
-257.692810329
-257.699121954
-257.704214733
-257.707102796
-257.70602658
-257.700691543
-257.693725384
-257.688000924
-257.687827046
-257.694617772
-257.70515596
-257.717076685
-257.726264953
-257.732648616
-257.735203324
-257.735736733
-257.735023077
-257.731283236
-257.726607497
-257.720403193
-257.711162657
-257.696910976
-257.680549428
-257.666186075
-257.660505081
-257.666482247
-257.68324371
-257.702496598
-257.716695339
-257.722203705
-257.720382571
-257.714219067
-257.707791685
-257.703227359
-257.701448831
-257.701994456
-257.703530707
-257.705756303
-257.709541985
-257.713047077
-257.715067883
-257.714644961
-257.712409525
-257.7088492
-257.704888196
-257.700590883
-257.696457095
-257.694291399
-257.69520951
