-257.65787844
-257.894046771
-257.844198418
-257.704212106
-257.475062594
-257.268920013
-257.243774857
-257.407652978
-257.609645016
-257.725632814
-257.728797341
-257.651489238
-257.553435355
-257.470867992
-257.440673612
-257.466483674
-257.533002402
-257.612494012
-257.677672686
-257.733670323
-257.781639779
-257.816791709
-257.807887721
-257.719617613
-257.57193826
-257.530860168
-257.684751066
-257.777541838
-257.76516182
-257.765430607
-257.764836934
-257.753813798
-257.760163762
-257.770170598
-257.703665791
-257.604140838
-257.674100495
-257.831223742
-257.804009706
-257.692031733
-257.759929074
-257.859771
-257.872916769
-257.732087653
-257.508058047
-257.574465989
-257.852583342
-257.924312346
-257.842963426
-257.773112582
-257.740316608
-257.721110714
-257.708991973
-257.690866379
-257.617107786
-257.553891322
-257.669790809
-257.866961323
-258.031568033
-258.037298749
-257.837891059
-257.675881898
-257.652893357
-257.717968889
-257.815343879
-257.805462846
-257.642536842
-257.473061685
-257.577479444
-257.820842649
-257.916132309
-257.870916341
-257.791049846
-257.762674805
-257.702728717
-257.613091352
-257.720156177
-257.852767752
-257.879085838
-257.819688375
-257.670306021
-257.547116907
-257.547691485
-257.705472065
-257.858432958
-257.860026684
-257.788836552
-257.743063345
-257.750927174
-257.75974132
-257.73941616
-257.67573889
-257.597880254
-257.563143353
-257.612838764
-257.72831622
-257.835842402
-257.849685814
-257.763219835
-257.696830045
-257.718553665
-257.691381309
-257.659203528
-257.714913417
-257.760393015
-257.74432946
-257.738576713
-257.781493112
-257.805957524
-257.741667104
-257.654320178
-257.634232823
-257.670875636
-257.757758425
-257.847658871
-257.862508096
-257.786190303
-257.688845167
-257.617342384
-257.607696271
-257.674597504
-257.760891124
-257.782868924
-257.717024298
-257.628734657
-257.606691872
-257.653348657
-257.725206054
-257.807037641
-257.849320357
-257.784334623
-257.700660973
-257.65276433
-257.610401688
-257.650603086
-257.770315769
-257.824461798
-257.75633779
-257.71230369
-257.77136183
-257.790601906
-257.751210492
-257.742388697
-257.79294459
-257.824007619
-257.709067429
-257.748122535
-257.918923647
-257.810581476
-257.582043385
-257.489834686
-257.674783334
-257.857230917
-257.899904878
-257.878022355
-257.838139947
-257.774279756
-257.666693702
-257.544488127
-257.527345391
-257.610042055
-257.715843375
-257.853467196
-257.906753864
-257.779304702
-257.634469873
-257.633381205
-257.705839237
-257.776465934
-257.777633769
-257.716280636
-257.662208541
-257.643313971
-257.664972463
-257.710113639
-257.740322782
-257.737858747
-257.707162513
-257.658490042
-257.644579658
-257.719029918
-257.776177366
-257.757767943
-257.724619012
-257.724173943
-257.701952117
-257.638370547
-257.619887515
-257.6515796
-257.728361577
-257.820538113
-257.864138098
-257.797089129
-257.654258037
-257.605211458
-257.705873234
-257.820739503
-257.834348401
-257.744135993
-257.620503758
-257.60460333
-257.680336367
-257.762518379
-257.74501617
-257.666074371
-257.685139356
-257.753134257
-257.765915712
-257.714270573
-257.684517125
-257.709435057
-257.746502181
-257.750252195
-257.695961529
-257.603018399
-257.544900969
-257.550102344
-257.628997103
-257.743442747
-257.796761828
-257.761209447
-257.710816371
-257.700585697
-257.695955337
-257.651884378
-257.657293565
-257.720482842
-257.699183915
-257.647467039
-257.758503126
-257.855623775
-257.765439101
-257.639667787
-257.661620071
-257.757984712
-257.785198437
-257.753687915
-257.708819128
-257.674833878
-257.675764289
-257.694191273
-257.704889942
-257.683389675
-257.684741566
-257.740999155
-257.78987614
-257.782801089
-257.712908105
-257.689885961
-257.763336895
-257.753383686
-257.652552515
-257.624088188
-257.646725135
-257.650590758
-257.678019728
-257.734522756
-257.801940029
-257.825343992
-257.767336428
-257.693953415
-257.671703824
-257.652682168
-257.619491716
-257.628007911
-257.716698253
-257.810344664
-257.786169217
-257.631808294
-257.493800114
-257.563260689
-257.770195071
-257.904088801
-257.881105985
-257.731526969
-257.641211569
-257.646917618
-257.651085754
-257.680560948
-257.696013603
-257.634507149
-257.589254049
-257.743544441
-257.995071256
-258.08020376
-257.885411762
-257.482360803
-257.29596212
-257.560421758
-257.849509069
-257.917653356
-257.838675615
-257.733135178
-257.707736353
-257.763876559
-257.787493407
-257.718593075
-257.596293319
-257.580579641
-257.730820913
-257.843259662
-257.797137167
-257.641232106
-257.594298482
-257.687880905
-257.774248728
-257.813029935
-257.792387764
-257.675525615
-257.552313013
-257.611378934
-257.729219572
-257.800012513
-257.868106564
-257.848213653
-257.706499823
-257.59758757
-257.661277368
-257.780833918
-257.77261673
-257.689334254
-257.653765727
-257.693385593
-257.760964361
-257.811246296
-257.810660342
-257.711076354
-257.593412564
-257.630426502
-257.755585912
-257.795265031
-257.746052703
-257.686999664
-257.636917923
-257.605979484
-257.628463791
-257.713487878
-257.816226228
-257.859298068
-257.802818436
-257.661134762
-257.514608286
-257.492891586
-257.646826095
-257.767715311
-257.797493426
-257.839684084
-257.840466204
-257.744113034
-257.629235624
-257.590327391
-257.59836042
-257.599098497
-257.622055277
-257.693937389
-257.773113232
-257.797353861
-257.760884015
-257.674001748
-257.635523056
-257.722950808
-257.783002006
-257.731110036
-257.632652062
-257.609951438
-257.703265841
-257.839753487
-257.916963056
-257.857523443
-257.649156127
-257.452329861
-257.526184257
-257.779465013
-257.974600173
-258.043593173
-257.956344535
-257.718435264
-257.558084191
-257.575839602
-257.59887893
-257.657123554
-257.800587781
-257.94112169
-257.983882931
-257.911304932
-257.745514753
-257.607601466
-257.615218196
-257.728567183
-257.798047458
-257.783527777
-257.766454371
-257.771792777
-257.762902219
-257.743801151
-257.691162023
-257.734295577
-257.831119118
-257.796506128
-257.674171402
-257.61375417
-257.656432818
-257.713880264
-257.755983514
-257.814127954
-257.828444484
-257.768309756
-257.679096643
-257.669349214
-257.767778033
-257.813853204
-257.771497575
-257.701594094
-257.690222703
-257.726376119
-257.729014684
-257.693854111
-257.661005629
-257.662731452
-257.687008165
-257.691568152
-257.70053461
-257.746985161
-257.785978989
-257.747368441
-257.693311532
-257.723041456
-257.795083561
-257.817836177
-257.736863949
-257.643117761
-257.642437452
-257.68453412
-257.716184486
-257.738947037
-257.774157628
-257.814059047
-257.81761748
-257.778278103
-257.693414572
-257.598161742
-257.593850023
-257.694267762
-257.795091332
-257.820892085
-257.77197566
-257.717783191
-257.70524292
-257.745911014
-257.789867788
-257.778646555
-257.709441199
-257.64143369
-257.647643107
-257.700591217
-257.731752473
-257.726157896
-257.736222793
-257.780311312
-257.808880778
-257.700050132
-257.53937137
-257.563763488
-257.679911892
-257.74524769
-257.778252042
-257.840654137
-257.897002043
-257.847201262
-257.676609963
-257.568795266
-257.563849315
-257.575460609
-257.62175685
-257.725026665
-257.851305394
-257.942269352
-257.926291289
-257.733912709
-257.540390018
-257.592261653
-257.708416299
-257.731243928
-257.718537821
-257.749631316
-257.779445484
-257.736141023
-257.674100311
-257.664106395
-257.690545669
-257.71574849
-257.760179295
-257.831324638
-257.866362145
-257.807217007
-257.677115346
-257.630547172
-257.693889311
-257.791028112
-257.895852167
-257.935940346
-257.852450756
-257.635150144
-257.528313254
-257.681572384
-257.827261083
-257.814700412
-257.750903173
-257.761278449
-257.752075278
-257.708848072
-257.747892508
-257.79589892
-257.768098421
-257.718341082
-257.69296576
-257.703636531
-257.736824601
-257.767130381
-257.793286587
-257.808652416
-257.734658867
-257.588471899
-257.589575868
-257.732404394
-257.83849612
-257.859951725
-257.838085526
-257.776384802
-257.685334426
-257.589114423
-257.538152289
-257.582754797
-257.731654892
-257.903228524
-257.959159415
-257.83741088
-257.653227823
-257.608922901
-257.706198358
-257.819823415
-257.890392412
-257.852382938
-257.702548958
-257.635072172
-257.720976521
-257.785090302
-257.863827803
-257.907482554
-257.850952261
-257.786754641
-257.749632494
-257.689556289
-257.638881094
-257.711893736
-257.837215118
-257.853392844
-257.781378482
-257.72150469
-257.692696503
-257.688929985
-257.704738236
-257.737001892
-257.763592176
-257.753878631
-257.724954984
-257.70081638
-257.722215176
-257.79262285
-257.849419388
-257.802612853
-257.665032249
-257.624178037
-257.726752556
-257.838733839
-257.889643028
-257.913110291
-257.892555109
-257.796169554
-257.708219152
-257.695447604
-257.756421097
-257.853632579
-257.890332299
-257.805148966
-257.65455567
-257.615354961
-257.723919235
-257.824064067
-257.838226954
-257.807821537
-257.795451237
-257.837388499
-257.854615494
-257.77041028
-257.648489621
-257.63200229
-257.698487877
-257.765130257
-257.819221524
-257.839221467
-257.818789701
-257.806904871
-257.789673823
-257.75414525
-257.792005116
-257.872859998
-257.841146686
-257.712777839
-257.642013111
-257.71804153
-257.776565257
-257.814407233
-257.890302498
-257.884100946
-257.767326059
-257.669465495
-257.677640444
-257.793544381
-257.878759314
-257.830945216
-257.742977613
-257.71938149
-257.74181964
-257.769730068
-257.765757696
-257.690416323
-257.648726244
-257.704903856
-257.762010179
-257.776828239
-257.78494893
-257.797849705
-257.788835974
-257.760102894
-257.739374821
-257.692155201
-257.62000484
-257.621789426
-257.715069088
-257.793813897
-257.803406145
-257.76443542
-257.6997824
-257.673276422
-257.695289929
-257.718584427
-257.749676819
-257.771733449
-257.806162485
-257.833125625
-257.729625468
-257.565521348
-257.68943351
-257.832958658
-257.83773193
-257.820010418
-257.799454996
-257.741434302
-257.676467163
-257.71954982
-257.847981436
-257.886599563
-257.765222928
-257.619521863
-257.596976674
-257.652572294
-257.742116856
-257.835880383
-257.868917169
-257.853095164
-257.813414391
-257.744030852
-257.666430756
-257.651272941
-257.685670357
-257.714556189
-257.756848903
-257.854909354
-257.88348909
-257.742668453
-257.610148371
-257.636280986
-257.739813302
-257.886723074
-257.99170409
-257.983204865
-257.863306024
-257.650782589
-257.504802548
-257.592645028
-257.742569659
-257.85683265
-257.974455751
-258.080418186
-258.086316206
-257.878729921
-257.513259173
-257.455206877
-257.730735921
-257.842664891
-257.795038407
-257.762714696
-257.776860003
-257.771452971
-257.738914396
-257.715410544
-257.748397542
-257.826344936
-257.879588031
-257.883018147
-257.860536678
-257.808286241
-257.701186441
-257.585137087
-257.597741067
-257.734595237
-257.805831308
-257.812332276
-257.811790915
-257.820814032
-257.824495354
-257.809457119
-257.763697212
-257.704561617
-257.736793087
-257.809893072
-257.773596512
-257.674244928
-257.671498681
-257.694570931
-257.690162838
-257.740806979
-257.793123413
-257.802263062
-257.777993423
-257.752507344
-257.748110792
-257.738373399
-257.703933516
-257.66244925
-257.6898597
-257.756978157
-257.774919035
-257.791940535
-257.785314953
-257.661373682
-257.541316239
-257.647771306
-257.782606102
-257.833852105
-257.865859977
-257.89376289
-257.867002809
-257.708014273
-257.512265004
-257.542448855
-257.749187968
-257.894984961
-257.894144597
-257.81780701
-257.756377008
-257.704805768
-257.693115646
-257.735295696
-257.765860967
-257.808589193
-257.869109514
-257.800534429
-257.625925517
-257.582969816
-257.64765881
-257.700126148
-257.73933941
-257.775893113
-257.807013475
-257.829505051
-257.804293247
-257.72343473
-257.66166782
-257.674643237
-257.71485043
-257.681519738
-257.642974253
-257.699921153
-257.797124849
-257.844698971
-257.814351767
-257.746989996
-257.695516452
-257.68866914
-257.688503796
-257.653480617
-257.64524476
-257.738833825
-257.811236663
-257.839924226
-257.87289384
-257.88185366
-257.78657602
-257.679894014
-257.675637983
-257.798352472
-257.965212998
-257.965982034
-257.796651056
-257.627789614
-257.61750176
-257.699856396
-257.759422204
-257.862186916
-257.931002349
-257.876084849
-257.809760538
-257.790927034
-257.756366125
-257.732182499
-257.758481552
-257.750546588
-257.698286893
-257.67391058
-257.695365114
-257.74682421
-257.759813746
-257.70499756
-257.657563878
-257.714655361
-257.803310646
-257.8460633
-257.838858103
-257.775984824
-257.678442412
-257.608424192
-257.598643439
-257.59373053
-257.624855369
-257.734723107
-257.8411123
-257.892524672
-257.879126948
-257.820167241
-257.719854565
-257.618677966
-257.56964766
-257.608763715
-257.700184708
-257.78339001
-257.79119378
-257.736305242
-257.744457222
-257.783611803
-257.798983948
-257.804697536
-257.804977238
-257.773618384
-257.70800229
-257.695462139
-257.763914188
-257.80656461
-257.801769424
-257.821235121
-257.832485826
-257.698322716
-257.532567995
-257.673643685
-257.910988035
-258.003097261
-258.010001999
-257.966112477
-257.83391334
-257.612987049
-257.531397133
-257.686818134
-257.8726025
-257.960957865
-257.96189978
-257.942295387
-257.85280323
-257.502879702
-257.530002771
-257.910584758
-257.948662606
-257.845291882
-257.775994096
-257.781335181
-257.82785024
-257.778910986
-257.63916371
-257.585742497
-257.680837012
-257.846972316
-257.976794173
-257.975191757
-257.868498928
-257.648453557
-257.4963007
-257.787636971
-257.965398255
-257.882803523
-257.791657489
-257.805743614
-257.872207396
-257.857935286
-257.724634663
-257.64473749
-257.721029317
-257.824094348
-257.887838252
-257.899673079
-257.853830707
-257.777854287
-257.721066264
-257.675841885
-257.683994455
-257.794308423
-257.906466035
-257.906241909
-257.77968201
-257.579138914
-257.604976568
-257.87210022
-257.966872922
-257.936999284
-257.839103743
-257.710635215
-257.647677946
-257.671577411
-257.72142346
-257.780274919
-257.858500888
-257.898343917
-257.834793047
-257.732814858
-257.729644356
-257.766136586
-257.834212423
-257.909570638
-257.843424555
-257.696270028
-257.710325933
-257.771014991
-257.736203272
-257.748326369
-257.839416976
-257.910793487
-257.914236585
-257.844519626
-257.751755262
-257.720492699
-257.768239724
-257.788405111
-257.701007178
-257.684749002
-257.850151396
-257.948337934
-257.844382645
-257.736733884
-257.716067967
-257.715911622
-257.716766942
-257.733312646
-257.78902271
-257.856910305
-257.874187151
-257.843389957
-257.818640416
-257.788441161
-257.686997438
-257.622876597
-257.67750965
-257.77153532
-257.872564661
-257.90094997
-257.806564926
-257.684062279
-257.661852867
-257.70893305
-257.73191165
-257.754759092
-257.853019284
-257.945237545
-257.905182959
-257.763135267
-257.68624067
-257.738648004
-257.827604351
-257.813804295
-257.715294558
-257.718108958
-257.797549538
-257.834440812
-257.813624804
-257.75506185
-257.699858017
-257.71900021
-257.77624908
-257.788586978
-257.780505767
-257.771357067
-257.755687948
