-257.65787844
-257.98345745
-257.479910706
-256.546617657
-256.484451317
-257.285990642
-257.639442722
-257.386963237
-256.998552338
-256.868268794
-257.070584587
-257.367222336
-257.565779267
-257.73323074
-257.755829402
-257.300199605
-257.104610227
-257.701632414
-257.650737641
-257.653729488
-257.617468522
-257.670238074
-257.294612601
-257.580957394
-257.806279871
-257.419721958
-257.88626701
-257.789837301
-256.86676341
-257.790781623
-258.005229817
-257.698514004
-257.590052853
-257.523087349
-257.371189541
-257.145643631
-257.807969031
-258.395439784
-257.918000912
-257.338398931
-257.54320945
-257.84012269
-257.290235732
-257.052952111
-257.953188052
-257.949853445
-257.671834228
-257.544654383
-257.385190351
-257.952477651
-257.905131093
-257.267885093
-257.063608331
-257.908627458
-257.882560227
-257.587420897
-257.670987553
-257.650442375
-257.360216257
-257.229886728
-257.556683442
-257.806900911
-257.579479866
-257.777018285
-257.611412311
-257.352083504
-257.413310629
-257.744146464
-257.951833466
-257.492588542
-257.324358468
-257.59696497
-257.738714214
-257.811736885
-257.434835538
-257.246147035
-257.620624158
-257.733149909
-257.408079422
-257.150928993
-257.425937414
-257.652669781
-257.93542486
-258.0050475
-256.830474913
-257.53557708
-258.211590893
-257.896548559
-257.316109731
-257.565794929
-257.749289571
-257.366878183
-257.522341941
-257.826613291
-257.909966405
-257.072172025
-257.617218101
-257.731300683
-257.96982927
-258.01595357
-257.508223385
-257.209128576
-257.251655605
-257.843817365
-258.439603963
-258.071292631
-257.172066119
-257.308388996
-257.621883448
-257.902282335
-257.804812901
-257.511706852
-257.567869919
-257.536559931
-257.470682379
-257.591074039
-257.576615384
-257.446576774
-257.858504977
-257.863426658
-257.1668623
-257.51275675
-258.034321486
-257.831865738
-257.715426762
-257.178035634
-257.279966068
-257.813277134
-257.991042611
-257.733017332
-257.482669701
-257.637726056
-257.437808012
-257.740706009
-257.913373037
-257.749600391
-257.595328178
-257.356612251
-257.478041736
-257.645840324
-257.63038986
-258.091135412
-258.000555493
-257.31232527
-257.142980638
-257.744129508
-257.652596544
-257.65319126
-257.570420317
-257.419751053
-257.488869756
-257.828392684
-257.48357838
-257.541373679
-257.543542074
-257.50627095
-257.578482921
-257.542372636
-257.285758732
-257.476584672
-257.930025534
-257.563966646
-257.292625552
-257.633280222
-257.740367791
-257.616169717
-257.773192022
-257.564405396
-257.276889574
-257.576223365
-257.576877505
-257.63584753
-257.697566173
-257.438451362
-257.495094001
-257.343363236
-257.688593941
-258.000209599
-257.504082945
-257.365362838
-257.789754951
-257.821506773
-257.475240861
-257.558478898
-257.924772956
-257.619053342
-256.99469281
-258.126598578
-258.144653209
-257.620478149
-257.536117011
-257.069955433
-258.13944562
-258.317824166
-257.873114762
-256.945800828
-257.350840423
-258.195110243
-257.98047259
-257.451844409
-257.460504441
-257.575994047
-257.548222178
-257.894717371
-257.703180208
-257.601576501
-257.852619325
-257.643734057
-257.449078323
-257.640214772
-257.772378002
-257.581789882
-257.541317844
-257.79331088
-257.697282134
-257.40614915
-257.873909606
-258.41661494
-257.809511923
-256.999218388
-257.232617582
-257.969401333
-257.936542141
-257.598113284
-257.649787473
-257.634382061
-257.741285833
-257.258484654
-257.51177863
-258.022481904
-257.839495983
-257.155258865
-257.313199329
-257.779788354
-257.820505863
-257.746126624
-257.722025472
-257.631937364
-257.1372708
-258.051712953
-257.683186703
-257.603780678
-257.735007672
-257.711490068
-257.620454132
-257.495691068
-257.82974569
-257.632670497
-257.449752202
-257.535304511
-257.429871206
-257.669213495
-257.738219953
-257.776957491
-257.50519158
-257.396885354
-257.579217473
-257.744311032
-257.59485082
-257.425599895
-257.744415103
-257.35256518
-257.327732332
-258.189466195
-258.23160824
-257.38222418
-256.877009157
-257.942045852
-258.11881574
-257.749437962
-257.477622079
-257.378873397
-257.625447962
-257.709146129
-257.513812188
-257.517371893
-257.680472909
-257.578012693
-257.534822801
-257.683672607
-257.883757681
-257.594780583
-257.234265736
-258.193457573
-257.955535134
-257.033452703
-257.582647293
-257.937519174
-257.76045563
-257.287949085
-257.654068763
-257.987465244
-257.758036138
-257.79815367
-257.547852448
-257.194433232
-257.808997282
-258.000613648
-257.564043198
-257.572488579
-257.771882159
-257.531265081
-257.551946983
-257.60291258
-257.555564359
-257.563447939
-257.753647543
-257.838041788
-257.249536088
-257.778668651
-257.756577272
-257.657528325
-257.839772198
-257.416777201
-257.605036772
-257.655296466
-257.095433344
-257.631575338
-258.027694161
-257.66512704
-257.46851043
-257.399992626
-257.556536306
-257.706894965
-257.542142531
-257.905349396
-257.921441704
-257.453548929
-258.031007169
-257.376143095
-257.094771552
-257.503362201
-257.713652837
-257.787318864
-257.739861089
-257.473615319
-257.324812309
-257.399487184
-257.58597432
-257.741789061
-257.480286217
-257.434339757
-257.798096823
-257.661172276
-257.407153628
-257.49498057
-257.849125014
-257.754399159
-257.469531823
-257.648675332
-257.879897423
-257.452703479
-257.59786425
-257.586964026
-257.546187334
-257.514176304
-257.655735144
-257.775334488
-257.68476951
-257.437744045
-257.417506612
-257.645160076
-257.792686375
-257.523501008
-257.475994168
-257.327914051
-257.522943013
-257.782343161
-257.575381807
-257.634484166
-257.77206107
-257.502916627
-257.740483503
-257.673705188
-257.578036726
-257.203134687
-257.259896109
-257.749596086
-257.743715952
-257.555342414
-257.296187436
-257.233032295
-257.616758984
-257.749268741
-257.642590444
-257.561872819
-257.505603022
-257.695314597
-257.452540729
-257.537192791
-257.758862875
-257.694507649
-257.638706416
-257.612231062
-257.376999953
-257.696507974
-257.862143996
-257.861256785
-257.8707002
-257.324529288
-256.970596812
-257.756303014
-257.698171233
-257.869649764
-257.847614774
-257.32755114
-257.377244922
-257.388590902
-257.797024694
-257.798519877
-257.55395042
-257.233694673
-257.336833118
-257.598021535
-257.367016338
-257.58805017
-257.852367896
-257.753097449
-257.339997566
-257.194567927
-257.328262768
-257.510416209
-257.504645181
-257.566678412
-257.653306108
-257.655146614
-257.415485336
-256.942789891
-257.474956833
-257.817023527
-257.770653513
-257.600943423
-257.198688974
-257.436082236
-257.598638543
-257.344486572
-257.38068519
-257.469265219
-257.538520365
-257.522791886
-257.436107577
-257.283727349
-257.05473683
-257.24474059
-257.566077046
-257.789640111
-257.847495661
-257.129102901
-257.216261513
-257.656061583
-257.588654383
-257.74912367
-257.575619708
-257.105487111
-257.497313116
-256.891510209
-258.166902766
-257.87711893
-257.359960462
-257.354370901
-257.413613425
-257.293782118
-257.325260102
-257.556705242
-257.427939852
-257.657584243
-257.375849954
-257.184475837
-257.444238669
-257.410965029
-257.118734597
-257.390701184
-257.625006756
-257.563863217
-257.155942661
-257.084631742
-257.471374367
-257.604390638
-257.549616616
-257.098267792
-257.300895863
-257.296881619
-257.480851893
-257.629956833
-257.574349717
-257.276576233
-257.130593401
-257.181443082
-257.388648772
-257.573039042
-257.472852901
-257.420593568
-257.345584388
-257.234275949
-257.379180063
-257.279014157
-257.320292679
-257.66936556
-257.472727605
-257.174183204
-257.270448928
-257.392887904
-257.465742384
-257.79500937
-257.468070099
-256.619605232
-257.63947886
-257.726677695
-257.4014525
-257.364513441
-257.543631461
-257.308047944
-256.948296358
-257.529015109
-257.77996295
-257.319420911
-257.52006228
-257.471425201
-257.194899091
-257.768050745
-257.642616994
-256.837981569
-257.212599028
-257.442447595
-257.525176329
-257.52892299
-257.454140685
-257.484282714
-257.388855517
-257.229952129
-257.170011115
-257.398242885
-257.46825599
-257.398251524
-257.559344138
-257.264555246
-257.799990951
-257.469752589
-257.040699053
-257.067156252
-257.513117905
-257.43547
-257.37530428
-257.709049175
-257.674385332
-257.223991391
-256.821112012
-257.745954758
-257.672328976
-257.399159179
-257.398748898
-257.281899849
-257.166056029
-257.516579539
-257.656026134
-257.200448199
-257.1485195
-257.528038248
-257.730729542
-257.383825422
-257.221960037
-257.12173267
-257.325966189
-257.573489345
-257.600246331
-257.214691202
-257.058393798
-257.426766406
-257.811470662
-257.338122956
-257.042349351
-257.443645381
-257.337081177
-257.086094488
-257.506951691
-257.673338295
-257.478915368
-257.346035942
-257.486988389
-257.238922702
-257.058059498
-257.240294466
-257.432199752
-257.712668999
-257.174175885
-257.543717078
-257.725106457
-257.221044921
-257.342285904
-257.629811867
-257.510863261
-257.484118733
-257.190854475
-257.155128443
-257.578063509
-257.46296559
-257.126683053
-257.064479466
-257.658661184
-257.793893447
-257.218051056
-256.984451187
-257.286983087
-257.528229216
-257.572459581
-257.611682986
-257.414934837
-257.388128111
-257.452467945
-257.335824887
-257.581594619
-257.204233147
-257.244933548
-257.305072818
-257.460121499
-257.771559165
-257.661959963
-257.105592809
-257.050172322
-257.326056102
-257.678049798
-257.766125706
-258.06532964
-257.1378703
-257.31561426
-257.676353388
-257.835827532
-257.542647888
-257.713524787
-257.492687953
-257.611443383
-257.535393746
-257.260831097
-258.015990032
-257.712524653
-257.308812513
-257.286470489
-257.690930908
-257.73374859
-257.669922206
-257.373962054
-257.252286256
-257.423080923
-257.295577317
-257.794650147
-257.773110623
-257.319754235
-257.459734912
-257.5050732
-257.745973601
-257.696142332
-257.371981861
-257.132652489
-257.009450702
-257.590389414
-258.117395977
-257.805884554
-256.931919787
-257.685255113
-257.670728555
-257.135292
-257.319160884
-257.574272068
-257.450660744
-257.32273291
-257.824653011
-257.712126484
-257.254519012
-257.389564933
-257.262892667
-257.508526707
-257.679223982
-257.498095477
-257.185419815
-257.230647891
-257.34347305
-257.66678174
-257.611077664
-257.429246002
-257.658987179
-257.733854955
-257.202518389
-257.081370096
-257.53946022
-257.522290098
-257.651252224
-257.416801616
-257.208798899
-257.323402396
-257.450729967
-257.236178061
-257.302227108
-257.397297185
-257.403328796
-257.572496503
-257.61054057
-257.001552456
-257.297765994
-257.691284539
-257.558100609
-257.357285977
-257.403542234
-257.307450396
-257.402970687
-257.501620399
-257.401341436
-257.451568375
-257.630343534
-257.426074364
-257.387245929
-257.445959736
-257.668463587
-257.156482963
-257.509367594
-257.457114612
-257.435731415
-257.772537182
-257.592028868
-257.266687163
-257.211489825
-257.170596028
-257.687339716
-258.06451537
-257.130413213
-257.282809458
-257.573406934
-257.677249653
-257.447814334
-257.16377742
-257.34276408
-257.589515655
-257.112518333
-257.729544215
-257.856596301
-257.631657501
-256.96631859
-256.793769449
-257.511882463
-257.706819884
-257.492507398
-257.254603007
-257.324044351
-257.417534081
-257.673911572
-257.197964052
-257.213306124
-257.346525292
-257.500445786
-257.679825767
-257.512293965
-257.033468749
-257.523046034
-257.446650853
-257.150371677
-257.158365404
-257.612924624
-257.671132509
-257.252163232
-256.987504351
-257.444280884
-257.403792476
-257.303183351
-257.341948587
-257.345992884
-257.27880869
-257.218107611
-257.306271406
-257.565188984
-257.621302675
-257.451346905
-257.249413195
-257.109141662
-257.597582104
-257.78218187
-257.466752758
-257.401140661
-257.415431685
-257.160606405
-257.466946135
-257.524429571
-257.357716198
-257.605031198
-257.583404371
-257.255531198
-257.234364744
-257.55656242
-257.532461635
-257.140876604
-257.703612342
-257.586245569
-257.276899833
-257.777961063
-257.463653046
-257.16356985
-257.205853185
-257.162756925
-257.491678704
-257.495090236
-257.443995302
-257.333789279
-257.434664057
-257.579957687
-257.350394952
-256.723331164
-257.365048358
-257.599479927
-257.294769312
-257.454452594
-257.420834559
-257.21498423
-257.130856362
-257.232595453
-257.372058865
-257.379273741
-257.441593641
-257.226312042
-256.904250038
-257.038945741
-257.227818089
-257.50905714
-257.766477061
-257.455511796
-256.854361765
-257.175067516
-257.511743519
-257.518836059
-257.226666798
-257.123443205
-257.298037125
-257.483880962
-257.388761727
-257.292677956
-257.478769913
-257.451531895
-257.214741651
-257.533894197
-257.601493331
-257.513714609
-257.120982514
-257.28084951
-257.613916107
-257.33792459
-257.362994879
-257.56308429
-257.171558193
-257.153950757
-257.688587203
-257.663047366
-257.616226174
-257.245626877
-257.16453256
-257.575654803
-257.467178048
-257.216887252
-257.354238976
-257.490435696
-257.772079904
-257.714773926
-257.685800625
-257.346795587
-256.635703024
-257.403163762
-257.929983177
-257.85511503
-257.489734342
-257.018895228
-257.750576237
-257.57086135
-257.106661967
-257.364603136
-257.837057895
-257.544018538
-257.198743297
-257.662330405
-257.586652627
-257.309746229
-257.364283182
-257.630820889
-257.596618507
-257.368348064
-257.424939167
-257.292076118
-257.360708019
-257.438650381
-257.113082409
-257.261687914
-257.416153612
-257.396973399
-257.169558002
-257.167021546
-257.437764058
-257.550883226
-257.435118411
-257.349038189
-257.345307699
-257.131630397
-257.12643348
-257.405399944
-257.711235721
-257.395877344
-257.313753736
-257.665654923
-257.690707056
-257.386708031
-257.160663151
-257.239236975
-257.450021562
-257.153655284
-257.292344401
-257.750111636
-257.708897413
-257.488814924
-257.033255209
-256.874220318
-257.447218164
-257.633633314
-257.323384547
-257.659221739
-257.443040331
-257.099779038
-257.182308165
-257.372408301
-257.607253267
-257.477346105
-257.159393879
-257.050360704
-257.31361334
-257.521978621
-257.558606688
-257.636144621
-257.519193065
-257.097564075
-256.85449197
-257.718243418
-257.708857718
-257.438805024
-257.188992027
-257.270714982
-257.525793257
-257.620435812
-256.923360277
-257.242624992
-257.313857775
-257.607500774
-257.481749618
-257.252742017
-257.556474571
-257.527531076
-257.190082171
-257.406133731
-257.3526721
-257.065299294
-257.371173398
-257.379454214
-257.179329934
-257.637006681
-257.754654323
-257.190548721
-257.632504717
-257.442164957
-257.171019406
-257.447877363
-257.627143376
-257.392778375
-257.17884441
-257.079319019
-257.433765565
-257.647966143
-257.470398474
-257.333306654
-257.688410095
-257.262566266
-257.011969374
-257.394868375
-257.487023223
-257.455454604
-257.277801993
-257.311275396
-257.322037568
-257.224153823
-257.18804093
-257.452456767
-257.434771644
-257.46034916
-257.036123948
-257.174963168
-257.382086195
-257.331433049
-257.717307121
-257.347614363
-257.15552591
-257.013889399
-257.715129392
-257.971447099
-257.671972097
-257.274981575
-257.43894321
-257.476036259
-257.169976627
-257.188055425
