-257.65787844
-257.972185359
-256.833418619
-255.68325261
-256.790040494
-257.561267647
-257.126545755
-256.533359692
-256.564941841
-257.040228836
-257.404609502
-257.676445089
-257.621165645
-256.702112927
-257.441727522
-257.565871255
-257.558265761
-257.502042655
-257.485447876
-257.020073947
-257.918049337
-257.074003592
-257.895988232
-257.406907179
-256.574534133
-258.04364304
-257.5384435
-257.336968232
-257.209991362
-256.797558695
-257.232645759
-258.364237972
-257.973823725
-256.986485005
-257.507860807
-257.572009897
-256.346343833
-257.695879196
-257.821226913
-257.463724908
-257.12070204
-257.611719869
-257.958828992
-257.061437247
-256.791095206
-258.037924079
-257.497762259
-257.473719095
-257.56626789
-257.116683556
-257.090516852
-257.537901112
-257.366953909
-257.891475439
-257.567427335
-256.614991384
-257.656265956
-257.920213093
-257.309547892
-256.969044556
-257.65435159
-257.625961745
-257.505626963
-256.988666522
-257.442853799
-257.405481871
-257.326396259
-256.923956654
-257.200394742
-257.727066236
-258.327303548
-256.080393775
-257.627425969
-257.884058949
-257.677242249
-257.206804661
-257.342340704
-257.308563362
-257.272974811
-257.187009758
-257.938515539
-257.387059911
-256.966812019
-257.632653231
-257.321042466
-257.104021579
-257.539844863
-257.479907829
-257.171449465
-256.96819728
-257.775168448
-257.70741106
-257.122442413
-257.008048101
-257.859274273
-257.96318527
-257.428369458
-256.528196479
-257.209659551
-257.83921086
-257.733166458
-257.900367228
-257.132289216
-256.360150126
-258.413283403
-257.6466183
-257.012865156
-258.040192636
-257.584818955
-256.644250942
-257.709656453
-257.158272476
-257.589166539
-258.068028108
-257.279665087
-256.629196321
-256.936296459
-257.528675533
-257.706034157
-257.333008749
-257.209977417
-256.903785327
-257.064156628
-257.535033009
-257.327271851
-257.232040247
-257.232832331
-257.439053437
-257.428060749
-257.038832871
-257.6640763
-257.318232229
-256.901815369
-257.588144191
-257.584497442
-257.155290283
-257.622496032
-257.315627878
-257.887110298
-256.790581565
-257.112465462
-257.434310863
-257.800086352
-257.854307349
-257.137169534
-257.430930652
-257.428295627
-257.514893393
-257.069991847
-257.252765482
-257.871105059
-257.944639448
-257.169974045
-256.623323023
-257.723950533
-257.59369027
-257.205651522
-257.307370342
-257.339702851
-257.078252221
-257.854323874
-257.423711856
-256.837534489
-257.251359439
-257.546954035
-257.526255015
-257.360944467
-256.646197245
-257.011513311
-257.783836197
-257.847678953
-257.085331635
-256.187293173
-257.478584024
-257.033782983
-256.964252103
-257.523014261
-257.018223515
-257.089060764
-256.801801027
-257.222227099
-257.451796232
-256.811149297
-256.787859949
-257.716767958
-257.55734902
-256.229082503
-257.430124332
-257.406451178
-257.259357739
-256.845262122
-256.790479242
-257.627638957
-257.246032441
-256.890908863
-256.957432398
-257.232774102
-257.43628951
-256.900350633
-256.956695477
-257.567066034
-257.388889758
-257.017569414
-256.855594282
-257.311880086
-256.867848321
-256.880882524
-257.377426106
-257.543581131
-256.893927841
-257.211299294
-257.672517906
-256.506789959
-257.0460772
-257.856484795
-257.416244414
-256.616606599
-256.936816306
-257.456656796
-257.256233608
-257.341987044
-257.0017014
-257.648394731
-257.089004752
-256.997282682
-257.177568238
-257.96903473
-256.752124819
-257.202883104
-258.080195591
-257.099639673
-257.339295771
-257.481184449
-257.299443048
-257.348967882
-257.668568712
-257.48633516
-256.716469106
-257.138781264
-257.443310874
-257.314412703
-257.508077419
-256.949631616
-257.736374926
-257.499135084
-257.015944196
-257.437953913
-257.465897236
-257.42327632
-257.213639104
-257.399070915
-257.361449256
-257.465855724
-257.054176667
-257.364465089
-257.76237512
-257.649803141
-256.769102417
-256.965318418
-257.6677243
-257.422871632
-256.944703211
-257.09165866
-257.556011688
-256.87330998
-257.522945821
-257.500142262
-256.974049519
-257.079095444
-257.077597261
-257.067971805
-257.458291027
-257.48193906
-256.902896633
-257.285097792
-257.184550723
-257.641602039
-257.306486288
-257.697853097
-257.837913237
-257.09532967
-257.023062594
-257.283496263
-257.165088293
-257.188719771
-257.383277932
-257.606162898
-258.036887972
-256.545085968
-257.320162303
-258.166226037
-257.415070866
-256.751206374
-257.887441125
-257.687376073
-256.841410858
-257.245493832
-257.353891851
-257.754860033
-257.701273477
-257.277976085
-257.064147784
-257.005056979
-257.579209326
-257.737530632
-257.260853043
-257.184626422
-256.921110124
-257.772340036
-258.183869775
-257.448363697
-257.228972337
-257.173024892
-257.856358041
-256.871009252
-257.186420561
-257.778927134
-257.280536375
-256.847116282
-257.656640049
-257.365382024
-256.874176144
-258.146266794
-257.822878433
-256.817034972
-257.633684509
-257.148064505
-257.376869157
-257.434643047
-256.915384297
-257.308268516
-257.19063138
-256.944486033
-257.15611274
-257.819529569
-256.871524618
-257.182710169
-257.291938356
-257.541236069
-257.488445266
-257.170381427
-256.546811207
-257.468216868
-257.432616935
-257.584904562
-257.378825894
-256.590972932
-257.116687572
-257.349593894
-257.476049507
-257.124519609
-256.815469694
-256.966618528
-257.395947591
-257.288026662
-256.874519561
-256.788276961
-257.483311539
-258.067580942
-257.527657457
-256.170467493
-256.673009555
-257.865907958
-257.67218932
-256.993940114
-256.591025175
-256.982563513
-257.884736387
-257.485485378
-256.643904456
-257.401969061
-257.16155076
-257.224401359
-257.173523487
-257.709372065
-256.888748203
-257.281575221
-257.357942047
-256.675634457
-257.759439852
-256.992953223
-257.102767122
-257.253939761
-256.971128292
-257.143611384
-257.32644778
-257.149968545
-257.43720613
-256.605954941
-257.303069763
-257.164020684
-257.048546275
-256.682663109
-256.805322656
-257.040035028
-257.928800691
-257.089207851
-255.97623984
-257.393570899
-257.16530726
-257.045930635
-256.785682865
-256.89336679
-256.666841735
-256.655125956
-257.18537762
-257.236678887
-256.851743975
-257.274281118
-256.484428252
-257.03557451
-256.928051152
-256.789311989
-257.107460064
-257.066687408
-256.683696878
-256.879725926
-256.81308946
-257.55309211
-257.105131866
-256.481349044
-257.04620647
-256.781657498
-256.713180008
-256.999745462
-256.73547987
-257.00371558
-257.275975672
-257.08753678
-256.118888988
-257.07574804
-257.285335632
-257.311388001
-256.975493731
-256.774381185
-256.99216352
-257.099470623
-257.626843653
-256.763773738
-257.290248444
-257.098434894
-256.797125289
-256.452798329
-256.72935756
-257.620145894
-257.774287197
-256.815290435
-256.840361377
-257.075406123
-256.987417212
-256.936132512
-256.601623337
-256.646699433
-256.968350642
-257.339815315
-256.843452906
-256.796132955
-256.53163107
-256.988295182
-257.425114292
-256.835814166
-256.483570149
-257.138518395
-257.412530391
-256.822963105
-256.637378731
-256.688591963
-256.749750256
-257.213105155
-256.912856004
-256.796761128
-257.108399424
-257.443643253
-257.652455845
-256.462803226
-255.855208791
-257.822271935
-257.695575884
-256.956392375
-256.614080173
-256.627113815
-257.152880096
-257.007774587
-257.143140823
-257.681520379
-256.466669117
-257.007439514
-257.326237857
-257.014584449
-257.094907547
-256.936697893
-256.929987715
-256.711217166
-256.928100102
-257.090051082
-256.431569308
-256.999707401
-257.264534128
-256.984736499
-256.669415026
-256.820130021
-257.009266892
-257.074115865
-257.018241157
-257.292340678
-256.730724705
-256.436998138
-257.312851252
-257.469440232
-257.009232294
-256.894968948
-257.144565102
-256.884689693
-256.949423621
-256.440424263
-256.997920817
-257.059611964
-257.159916037
-257.419500493
-257.111569516
-256.038893723
-257.579050103
-256.878659203
-256.703776709
-257.533717237
-257.95006265
-256.564972806
-256.588961166
-258.214520594
-257.437738577
-256.033219175
-257.292567854
-257.704027025
-257.109637431
-256.974295144
-257.296791555
-257.322411866
-256.592435091
-256.79403009
-256.695213443
-257.15222398
-257.325091063
-257.226450998
-256.954856654
-257.196980553
-256.545488322
-257.060865462
-257.557678212
-256.923305606
-256.458392125
-257.455257762
-257.557663515
-256.688257476
-257.078601328
-257.120668033
-256.812036144
-256.893484977
-256.861944023
-257.179650526
-256.905550595
-256.983743922
-256.715192646
-256.477444294
-257.469123694
-257.692026973
-256.424265677
-257.059715059
-256.852672454
-256.857352356
-257.334393643
-257.443397762
-256.895820329
-256.841155315
-257.069530831
-257.069159056
-256.841151363
-257.053902869
-256.859378336
-257.231511992
-256.90439292
-257.081187848
-257.518204341
-257.264810166
-256.350249302
-257.196652653
-257.26643981
-257.168334744
-256.779241648
-256.948837287
-257.454356253
-257.564492894
-256.661522773
-256.573673628
-256.986144977
-257.087178958
-256.739030247
-256.966016032
-257.51958467
-257.342809865
-256.51430738
-257.240149158
-256.717109581
-256.634066983
-257.522204673
-257.073124963
-256.89327378
-256.864300523
-257.048336876
-256.980245037
-257.075028273
-256.981398269
-256.698625264
-257.217776527
-256.940447151
-257.385063891
-257.151624882
-257.191177057
-257.153291741
-256.736876784
-257.229520844
-257.35893572
-256.372633433
-257.539025982
-257.595666613
-257.345599976
-256.540216126
-256.901540508
-257.19828483
-257.308372443
-257.235743444
-257.20274074
-256.823240275
-256.696180962
-257.839847026
-257.167417227
-256.743451375
-257.120578288
-256.729252525
-257.324509737
-257.902938765
-256.439404103
-256.854428325
-257.404281659
-257.26038002
-257.376734043
-256.375486923
-256.99212387
-257.380420441
-256.954173271
-257.23763575
-257.359483912
-256.805735659
-257.356963755
-257.176998822
-257.488179193
-257.156416605
-256.537565679
-257.546418801
-257.642442216
-256.946441748
-257.021468104
-256.928663326
-257.64910619
-257.227818898
-256.607573113
-257.594433244
-257.024671085
-256.734991314
-257.541881312
-256.716720825
-257.282483716
-257.911785025
-255.554224191
-257.028061821
-256.816974828
-256.855868649
-257.024837924
-256.460694796
-256.665603829
-256.839504375
-256.750197031
-256.807636919
-256.765955993
-256.930812237
-256.938382197
-256.334007028
-256.899154934
-256.8439781
-256.438763646
-257.113489346
-256.927827286
-256.703690326
-256.490857492
-256.977865175
-256.429524796
-256.946389966
-257.143845689
-256.676162337
-256.156507948
-256.680253302
-256.870808332
-257.204782712
-258.043786162
-255.044602577
-257.212559173
-256.781681855
-256.690911099
-257.163802917
-256.81282591
-256.825842484
-256.827589684
-256.612949232
-256.808084229
-257.178468579
-256.366089384
-257.081643914
-256.456758427
-257.381488269
-256.303847415
-257.039391953
-256.954649273
-256.171172427
-255.671541622
-256.84552356
-257.36166991
-256.730325476
-255.73116217
-256.249869625
-257.337488159
-257.064340832
-255.868532361
-255.951435122
-257.124656771
-256.949160942
-256.722906664
-256.455780501
-256.569577568
-256.353547917
-256.450582336
-256.975746278
-256.442254227
-256.000926878
-256.417074927
-256.65110435
-256.76640092
-256.693827633
-256.128949046
-256.667587199
-256.211090386
-256.442333004
-255.991891045
-256.433226444
-256.805092365
-256.710302769
-256.076564642
-256.780261262
-256.8622674
-255.899767631
-256.555704015
-256.883567218
-256.5186511
-256.547383306
-256.396235362
-256.227000403
-256.696960948
-256.726781878
-256.311490043
-256.647319912
-256.891834574
-256.340231353
-256.704713553
-256.593485039
-256.495783256
-256.701716869
-256.5870609
-256.3885374
-256.64387636
-256.475944567
-256.204134868
-256.680747608
-256.492399675
-256.709592774
-256.775489301
-256.247405533
-256.484038952
-256.483650698
-256.752822636
-256.902019087
-256.321550793
-256.381838638
-256.601723872
-256.75396024
-256.796165749
-255.877827464
-256.504211661
-256.71021469
-256.643297215
-256.57333844
-256.403421175
-256.283671393
-257.003922581
-255.933544865
-256.615918772
-256.688394544
-256.875303059
-256.41340157
-256.660162693
-256.574494793
-256.775597805
-256.942179368
-256.884841265
-256.876678194
-255.67324674
-257.029987225
-257.125857379
-257.433218152
-256.226174571
-256.421684845
-257.762605602
-257.109206155
-256.576363801
-256.68357875
-256.712819009
-257.242184428
-257.072894072
-256.281023452
-256.855033271
-256.650548985
-256.765610562
-257.081406744
-256.629407662
-256.71795749
-256.592802558
-256.280291469
-256.691199196
-257.233590639
-256.805498047
-256.592188605
-256.731631518
-256.532583887
-256.850860777
-256.377360824
-257.020523572
-256.890523049
-256.714781332
-256.741135156
-256.479960972
-256.579103271
-257.139138333
-257.015758536
-256.516531417
-256.292603232
-257.261977567
-257.195875161
-256.894471779
-256.511626819
-257.026085991
-256.982994508
-256.447618704
-256.95775112
-257.19801138
-257.15578602
-256.562216831
-256.152414701
-256.659374643
-256.948890459
-256.903814414
-256.975340375
-257.554824072
-256.121592866
-257.045550649
-255.487644664
-256.37075438
-257.442857038
-257.088418683
-256.249362126
-256.781301094
-256.202535443
-256.571590965
-256.281849008
-256.395797733
-256.844324823
-256.512660234
-255.993597026
-256.818133558
-256.846145342
-256.462962712
-255.535871576
-256.813868555
-256.513838043
-255.806424869
-256.496961621
-256.743733926
-256.276092745
-255.430084868
-256.968831544
-256.411067742
-255.961999709
-256.977976444
-257.115133643
-255.643570625
-255.734917935
-256.588401703
-256.625719061
-256.566138837
-256.112830497
-256.122490609
-256.48415066
-256.210842673
-256.067819611
-256.231331921
-256.269077267
-256.337923428
-256.273277668
-256.275023679
-256.594132788
-255.76634859
-256.064029992
-256.824207006
-256.838435748
-256.312525615
-256.429164358
-256.046544192
-256.37648578
-256.06952165
-256.51015732
-256.6740755
-256.301568234
-256.353086111
-256.300299783
-257.038019571
-255.704619333
-256.435698463
-256.984575003
-256.349759292
-256.349184829
-256.556502327
-256.279835492
-256.223081431
-256.827561724
-257.083840123
-256.115795074
-256.103411852
-256.854404786
-256.974683414
-255.876746877
-256.987469461
-256.641107123
-256.674832291
-256.174521001
-256.643892113
-256.590029654
-256.397603912
-256.215679593
-256.624980502
-256.380611925
-255.701640012
-257.205273261
-257.151141672
-256.111787596
-256.270411937
-256.635783332
-256.589153601
-257.332969988
-256.411577078
-257.187712547
-256.345185667
-256.363111933
-256.48644577
-256.454306039
-256.469815921
-256.623933014
-256.940348479
-255.87718415
-256.401951426
-257.279949344
-256.518601059
-256.303204052
-256.878618614
-256.89771581
-256.460704411
-256.428114079
-256.279980794
-256.452304521
-256.806412893
-256.924493665
-256.831487267
-255.981245723
-256.321568467
-256.788646709
-256.576118995
-256.659760265
-256.647670686
-256.223641821
-256.235657639
-256.929525461
-257.14836765
-256.163475609
-255.92823218
-256.846306927
