-257.65787844
-257.950225462
-257.768227505
-257.319077169
-256.884442606
-256.971738376
-257.409133266
-257.681449413
-257.654822588
-257.453273318
-257.257199938
-257.197867467
-257.290929158
-257.44908625
-257.592328239
-257.702142009
-257.79184293
-257.81241704
-257.614363879
-257.323650736
-257.528194768
-257.757306229
-257.725374509
-257.734002933
-257.707659886
-257.726601855
-257.714235321
-257.490774656
-257.603126207
-257.873728722
-257.63753044
-257.695915323
-257.906996692
-257.832665201
-257.341022607
-257.442331188
-257.977592444
-257.914326249
-257.756251563
-257.694995266
-257.652626899
-257.62746649
-257.479095026
-257.433676626
-257.807011521
-258.177122925
-258.158470738
-257.691430937
-257.546507761
-257.68255488
-257.864111881
-257.673326588
-257.25425543
-257.521687237
-257.969083122
-257.960591726
-257.791717208
-257.758081891
-257.565354003
-257.645356333
-257.938145631
-257.944143361
-257.670274753
-257.372781286
-257.474247034
-257.900229907
-257.923667091
-257.764422684
-257.742691834
-257.769823036
-257.708629176
-257.561893734
-257.464981731
-257.550197734
-257.77837191
-257.910703075
-257.788695842
-257.729146053
-257.760659575
-257.58114094
-257.646043092
-257.695467176
-257.700029603
-257.882347287
-257.906226025
-257.642528806
-257.504013922
-257.589433034
-257.79813181
-257.926940664
-257.792607188
-257.55685815
-257.475900113
-257.647232866
-257.810482201
-257.740415016
-257.499041068
-257.41698632
-257.606102263
-257.760634498
-257.864794162
-257.836412278
-257.577291991
-257.406056572
-257.708195466
-257.914817602
-257.828625275
-257.819834973
-257.707288651
-257.516369527
-257.686213488
-257.770709041
-257.80652954
-258.011338026
-257.660885652
-257.343678399
-257.965039686
-257.954657113
-257.585766179
-257.964727003
-258.217286891
-257.850289767
-257.3292955
-257.542809197
-257.777293295
-257.774022379
-257.974118647
-258.006781067
-257.871665337
-257.605096054
-257.540068338
-257.652150099
-257.749832433
-257.788580525
-257.81334168
-257.762517738
-257.544096542
-257.574265553
-257.67500689
-257.860939786
-257.962153455
-257.852544108
-257.660599771
-257.435517064
-257.48096458
-257.723680049
-257.805864777
-257.702987745
-257.691428498
-257.866388066
-257.840987973
-257.607233858
-257.566621417
-257.639254861
-257.637725714
-257.635227534
-257.686575998
-257.757625997
-257.802285763
-257.751468914
-257.641403079
-257.647397914
-257.666293857
-257.642572136
-257.433493165
-257.470285044
-257.798538307
-257.996608488
-257.950501753
-257.679078403
-257.537240769
-257.71561977
-257.671148201
-257.66685889
-257.827437363
-257.676768321
-257.69713331
-257.823156399
-257.787330703
-257.562647337
-257.617531456
-257.818637057
-257.721150738
-257.611728499
-257.625518868
-257.694545563
-257.748902976
-257.694153747
-257.408372786
-257.552237676
-257.961203764
-258.128255399
-257.923914609
-257.501105668
-257.198424613
-257.456035747
-257.816232106
-257.818963105
-257.721883139
-257.633603776
-257.544673419
-257.540410227
-257.517074659
-257.639785234
-257.981971244
-257.978922955
-257.503644627
-257.418105273
-257.673845528
-257.803560709
-257.882240488
-257.880477519
-257.75480385
-257.50678307
-257.430660015
-257.793093827
-257.981811481
-257.759526006
-257.501500851
-257.557335149
-257.66204418
-257.684504366
-257.743791985
-257.799574258
-257.793228161
-257.693899044
-257.21100702
-257.403895462
-257.964408007
-258.068681134
-257.780725159
-257.19622021
-257.519383205
-257.768167237
-257.83799608
-257.87141407
-257.791649539
-257.572372267
-257.575654971
-257.569798898
-257.528377414
-257.711583214
-257.933926121
-257.774073326
-257.449710689
-257.537254716
-257.83303112
-257.897844777
-257.669765131
-257.398150497
-257.525546898
-257.739884726
-257.589382983
-257.554091782
-257.66969791
-257.611623265
-257.732714171
-257.808003101
-257.735509433
-257.616811814
-257.610079506
-257.749432225
-257.582987296
-257.328014344
-257.600723878
-257.86019406
-257.843795376
-257.721369258
-257.634679384
-257.610388437
-257.697646835
-257.690311976
-257.565458947
-257.699190499
-257.737911795
-257.71358123
-257.784148306
-257.755655987
-257.664127383
-257.627907167
-257.820171648
-257.851454661
-257.631761277
-257.606986172
-257.725662984
-257.652169709
-257.658687149
-257.657821503
-257.755188844
-257.90202449
-257.794399452
-257.592699717
-257.536811565
-257.524442209
-257.626512025
-257.774636681
-257.750506736
-257.563048417
-257.465348577
-257.549222944
-257.675987463
-257.767972713
-257.752753512
-257.627242262
-257.559332119
-257.572307866
-257.565287799
-257.611353951
-257.543895255
-257.491812871
-257.643813929
-257.798084109
-257.792727817
-257.671668404
-257.637204268
-257.717436836
-257.618505145
-257.5939571
-257.686526011
-257.869035893
-257.757286087
-257.542976793
-257.824590178
-257.97957073
-257.970327755
-257.693899048
-257.324425558
-257.452490431
-257.784151926
-257.964050801
-257.956559234
-257.788856338
-257.413193228
-257.439982691
-257.777173915
-257.957475039
-257.686963095
-257.500324628
-257.705033625
-257.909100913
-257.869538257
-257.67288729
-257.551539589
-257.587573729
-257.633885598
-257.673119104
-257.78963254
-257.691644198
-257.816969126
-258.001801707
-257.824454481
-257.401169794
-257.415285181
-257.591845729
-257.681971234
-257.760948826
-257.883731135
-257.881526517
-257.706941638
-257.561895461
-257.5247204
-257.665530583
-257.638391364
-257.606539922
-257.851011902
-257.802432434
-257.46762333
-257.501485287
-257.685341805
-257.799020203
-257.876910616
-257.76175332
-257.414825228
-257.387044373
-257.578089222
-257.663974042
-257.717950343
-257.827321752
-257.910539486
-257.778637853
-257.372863031
-257.35754013
-257.740208597
-257.871242713
-257.735604067
-257.576668199
-257.575417093
-257.621174224
-257.625507959
-257.524668453
-257.558960997
-257.737092111
-257.721183219
-257.599699515
-257.491227404
-257.66473043
-257.567735751
-257.555877291
-257.783314824
-257.868847116
-257.748316487
-257.54736521
-257.606780837
-257.732157547
-257.672038801
-257.654177434
-257.678362558
-257.531136257
-257.585287759
-257.831888392
-257.700489138
-257.489202994
-257.514586058
-257.703151978
-257.789329442
-257.82073466
-257.632404525
-257.495013366
-257.559997171
-257.622185293
-257.770438012
-257.744352895
-257.488695607
-257.510487864
-257.700552432
-257.7167786
-257.609374637
-257.727366874
-257.892342653
-257.90453323
-257.778610184
-257.569037722
-257.619178777
-257.814353181
-257.802647521
-257.743286999
-257.777641348
-257.61363406
-257.51103167
-257.666291384
-257.836206179
-257.827099408
-257.655937873
-257.483485313
-257.445338085
-257.581649697
-257.7809015
-257.809735933
-257.817474342
-257.778927628
-257.58786632
-257.565204548
-257.60119466
-257.507835656
-257.546906557
-257.726700475
-257.835273089
-257.749986956
-257.549357211
-257.566201016
-257.721608571
-257.754694758
-257.742412496
-257.707688527
-257.696847001
-257.788504122
-257.697874608
-257.391259702
-257.484086679
-257.750369345
-257.726352417
-257.768854729
-257.799493226
-257.651567712
-257.508665217
-257.633941151
-257.744694394
-257.611588642
-257.558882528
-257.802017522
-257.742480415
-257.654266558
-257.772345027
-257.792326051
-257.565623923
-257.574657963
-257.804485798
-257.718453894
-257.457280025
-257.521155029
-257.578722965
-257.617276388
-257.720121136
-257.819080968
-257.661484433
-257.466534183
-257.600743387
-257.621423118
-257.614755716
-257.668918691
-257.621488809
-257.507191932
-257.559159569
-257.736032136
-257.833085802
-257.368943652
-257.354520583
-257.911280869
-258.05840918
-257.963262929
-257.60189737
-257.429380083
-257.458247707
-257.490287208
-257.589362804
-257.776194309
-257.865004581
-257.750694435
-257.549933196
-257.512343977
-257.426743582
-257.552118935
-257.86074987
-257.94785625
-257.754209399
-257.417252016
-257.378025742
-257.547765687
-257.736191827
-257.828330379
-257.988092433
-257.814920538
-257.520703337
-257.629223591
-257.683611114
-257.551127605
-257.775812293
-257.748541453
-257.84172032
-257.854992182
-257.695345753
-257.53512092
-257.376340483
-257.449776565
-257.545282625
-257.538433247
-257.516947834
-257.622367403
-257.741899766
-257.720675371
-257.785562471
-257.757370061
-257.651050829
-257.442038887
-257.518592053
-257.81407607
-257.756229042
-257.712664416
-257.653994745
-257.61219228
-257.704820623
-257.755679312
-257.741797474
-257.676441343
-257.65009097
-257.642461987
-257.476595691
-257.700109534
-257.871328974
-257.700932645
-257.522887736
-257.53975292
-257.487269111
-257.838110856
-257.964908166
-257.729064143
-257.64738338
-257.46470324
-257.370019086
-257.503383097
-257.747364425
-257.724300038
-257.667994413
-257.546808067
-257.315306336
-257.330812223
-257.612194463
-257.756021796
-257.730339116
-257.75129798
-257.653179656
-257.38137216
-257.314474314
-257.588536364
-257.738548598
-257.643306196
-257.540915439
-257.412470842
-257.544776788
-257.731634584
-257.798420718
-257.720623578
-257.6427947
-257.570358582
-257.536226297
-257.653638892
-257.871287879
-257.730333142
-257.399256702
-257.407593731
-257.719524502
-257.904015972
-257.877341395
-257.438704673
-257.449929897
-257.786326701
-257.786818887
-257.807387665
-257.816427616
-257.68340465
-257.555154619
-257.496928987
-257.5705977
-257.635439187
-257.789980594
-257.91042433
-257.717853999
-257.460100501
-257.532503057
-257.666079302
-257.70759317
-257.578098553
-257.572810316
-257.930922839
-257.887104545
-257.424651217
-257.5277043
-257.779191176
-257.709642077
-257.607552347
-257.664241748
-257.855154834
-257.774256758
-257.64512034
-257.611663771
-257.671090665
-257.624520826
-257.462885936
-257.879666562
-257.93253424
-257.718092702
-257.559181003
-257.524637073
-257.675044024
-257.883107694
-257.844731059
-257.464501531
-257.530293213
-257.707483054
-257.660716698
-257.532301397
-257.561838273
-257.752756008
-257.916840542
-257.864816615
-257.519490623
-257.272139339
-257.349621839
-257.669722554
-257.876264777
-257.850117572
-257.677123763
-257.518068888
-257.517356017
-257.513142291
-257.4772552
-257.565991742
-257.679260805
-257.786976672
-257.675710624
-257.609299809
-257.665808574
-257.359575453
-257.40813548
-257.650860284
-257.750121958
-257.810409459
-257.751027997
-257.442618546
-257.388722457
-257.645658818
-257.74054933
-257.664418405
-257.523585409
-257.568828056
-257.725755241
-257.770487845
-257.657564802
-257.338460903
-257.395581252
-257.671996363
-257.762801859
-257.727530945
-257.64727141
-257.406687252
-257.487393135
-257.682260218
-257.67309841
-257.666708096
-257.646786291
-257.595212352
-257.50375196
-257.678517044
-257.971366792
-257.815459926
-257.154104881
-257.426367554
-257.922268192
-257.806111496
-257.719177362
-257.672173662
-257.540957691
-257.613282517
-257.74943926
-257.709354486
-257.512564986
-257.433996828
-257.598693604
-257.665922409
-257.585313535
-257.762623959
-257.663094282
-257.421776316
-257.876549015
-257.943200691
-257.710591383
-257.462232543
-257.377678243
-257.435703021
-257.653553224
-257.781566615
-257.736890804
-257.67260523
-257.655843516
-257.66092952
-257.593617758
-257.430988699
-257.314549189
-257.549335636
-257.917064454
-257.855078541
-257.601565443
-257.540517867
-257.485527598
-257.666721044
-257.719697234
-258.003760063
-257.946975289
-257.535809448
-257.238409079
-257.279607107
-257.575336042
-257.735453409
-257.725790623
-257.6766675
-257.690935521
-257.713513847
-257.57522222
-257.540835572
-257.797268435
-257.632330724
-257.407634077
-257.642489233
-257.886767796
-257.85733267
-257.553125212
-257.453409772
-257.681773094
-257.664128636
-257.739819879
-257.923223072
-257.765102877
-257.437624629
-257.378631144
-257.654202672
-257.860542816
-257.753766423
-257.76991992
-257.751364798
-257.64521414
-257.482597122
-257.549098421
-257.882182226
-257.917300933
-257.548162456
-257.346803865
-257.62867774
-257.72856081
-257.692873732
-257.678658449
-257.584431941
-257.379496571
-257.496363174
-257.794349822
-257.795640388
-257.614333976
-257.460288376
-257.591129254
-257.890993867
-257.824548433
-257.344559825
-257.320965575
-257.756140607
-257.950433481
-257.61690788
-257.489075334
-257.706131255
-257.584374353
-257.40842135
-257.515374147
-257.615282052
-257.695314968
-257.785668747
-257.698587436
-257.577880787
-257.778699025
-257.66480107
-257.485084953
-257.365520084
-257.609097139
-257.87898409
-257.88363174
-257.700089021
-257.476991678
-257.53755795
-257.551043175
-257.490207629
-257.535796245
-257.612194594
-257.654777625
-257.60201237
-257.589871449
-257.673989487
-257.681973723
-257.487523377
-257.48868893
-257.727013049
-257.85591558
-257.775934247
-257.555453799
-257.265047715
-257.220853976
-257.502797323
-257.766333343
-257.798382509
-257.580836778
-257.470913243
-257.503013872
-257.520232367
-257.490289722
-257.47675315
-257.629929244
-257.813607434
-257.637206776
-257.238264838
-257.482272136
-257.588081849
-257.675653017
-257.693286235
-257.530688004
-257.448534087
-257.596569061
-257.734305308
-257.73838681
-257.690699913
-257.619363099
-257.513150606
-257.435804655
-257.491379878
-257.547663383
-257.645508468
-257.703630527
-257.60371865
-257.499423792
-257.520956715
-257.656386439
-257.602911223
-257.454715507
-257.530003947
-257.563859353
-257.563784224
-257.738540424
-257.814392038
-257.617386833
-257.315008487
-257.277946026
-257.496899871
-257.62857292
-257.697994546
-257.662554975
-257.54110229
-257.39160544
-257.357623087
-257.458337241
-257.5491606
-257.597340286
-257.661172735
-257.621061431
-257.558517669
-257.430596224
-257.400643807
-257.467128215
-257.503330511
-257.526709836
-257.64504917
-257.759716265
-257.712843775
-257.492436415
-257.312579758
-257.377023096
-257.585060136
-257.624649364
-257.424932741
-257.4818663
-257.674365222
-257.673865959
-257.637329747
-257.62453042
-257.548128118
-257.43682172
-257.503942486
-257.439725953
-257.328395837
-257.659423927
-257.925633501
-257.827656599
-257.451622087
-257.275480574
-257.428690465
-257.599373864
-257.867189983
-257.83153556
-257.597029078
-257.326308456
-257.314860286
-257.615201141
-257.717717612
-257.639287519
-257.479505155
-257.513203997
-257.67493798
-257.672790461
-257.544764572
-257.468779103
-257.504307308
-257.550521559
-257.601954541
-257.68297058
-257.690457843
-257.829517186
-257.921484868
-257.779743336
-257.299811871
-257.250103607
-257.710174817
-257.911027426
-257.791888317
-257.616601567
-257.552951462
-257.615244228
-257.681799243
-257.55727684
-257.402121462
-257.623295589
-257.816357229
-257.815293508
-257.580470829
-257.432226749
-257.487437959
-257.502305992
-257.62608773
-257.774846684
-257.821917091
-257.661656254
-257.335387336
-257.450657533
-257.582922814
-257.565867076
-257.65667466
-257.675716166
-257.442737158
-257.371052226
-257.587043063
-257.784084417
-257.802470603
-257.611279356
-257.576226009
-257.636428491
-257.526619963
-257.487163904
