-257.65787844
-257.67468896
-257.674694017
-257.674698315
-257.674701838
-257.674704561
-257.674706457
-257.674707494
-257.674707634
-257.674706838
-257.674705059
-257.674702249
-257.674698349
-257.674693267
-257.674687025
-257.674679516
-257.674670671
-257.674660419
-257.674648686
-257.674635397
-257.674620494
-257.674603854
-257.674585418
-257.674564778
-257.674542524
-257.674518166
-257.67449178
-257.674463141
-257.674432227
-257.674399434
-257.674364218
-257.674326099
-257.674285405
-257.674242125
-257.674196219
-257.674148742
-257.674099606
-257.674044711
-257.673988048
-257.673927659
-257.673865652
-257.673802686
-257.6737356
-257.673665929
-257.673594003
-257.673524905
-257.673448378
-257.673369833
-257.673289434
-257.673207364
-257.673123824
-257.673039032
-257.672953157
-257.67286478
-257.672777702
-257.672689586
-257.672613066
-257.672524861
-257.672439265
-257.672354837
-257.672271247
-257.672188956
-257.672100971
-257.672015088
-257.671939408
-257.671870695
-257.671802657
-257.671748881
-257.671685731
-257.671633031
-257.671582587
-257.671546329
-257.671504082
-257.671465582
-257.671434745
-257.671416493
-257.6714259
-257.671411969
-257.671408169
-257.671405726
-257.671425184
-257.67144858
-257.671454606
-257.671482667
-257.671499381
-257.671500226
-257.671593103
-257.671634689
-257.671693968
-257.671733057
-257.671770059
-257.671825159
-257.671903339
-257.671935429
-257.672025546
-257.672088627
-257.672172967
-257.672282029
-257.672355416
-257.67244707
-257.672522298
-257.672606337
-257.672681731
-257.672762333
-257.67283314
-257.672906814
-257.672977879
-257.673052312
-257.673158595
-257.673205833
-257.673271351
-257.673341786
-257.6733843
-257.67345964
-257.67352199
-257.673624138
-257.673699075
-257.673748086
-257.673791471
-257.673902507
-257.673919997
-257.673958201
-257.673992435
-257.674060303
-257.674090805
-257.674135045
-257.674196761
-257.67418886
-257.67421539
-257.674234447
-257.674199353
-257.67418885
-257.674192039
-257.674257677
-257.674337208
-257.674333517
-257.674256801
-257.674284746
-257.674279616
-257.674264918
-257.674275136
-257.674325325
-257.674302615
-257.674211303
-257.674192205
-257.674158104
-257.674201523
-257.674215515
-257.6741519
-257.674155567
-257.674177922
-257.674198527
-257.674168139
-257.674187893
-257.674157463
-257.674054778
-257.674038899
-257.673980391
-257.673942459
-257.673831674
-257.673757604
-257.673722242
-257.673722611
-257.673642968
-257.6736116
-257.673544142
-257.673507406
-257.673471271
-257.673417702
-257.673386691
-257.673297751
-257.673266305
-257.673226471
-257.673196604
-257.673203263
-257.673164709
-257.673148697
-257.673109757
-257.673124619
-257.673119449
-257.673168824
-257.673198031
-257.673123174
-257.673167952
-257.673147597
-257.673151152
-257.673185918
-257.673170313
-257.673142199
-257.673110857
-257.673098831
-257.673103568
-257.673045036
-257.673023988
-257.67298478
-257.672976345
-257.672981509
-257.672980628
-257.672960134
-257.672975778
-257.672982918
-257.672982282
-257.6729142
-257.672934082
-257.67294206
-257.672968565
-257.67299302
-257.673001523
-257.673035635
-257.673030381
-257.673052534
-257.673115988
-257.673185089
-257.67320292
-257.673226101
-257.673200761
-257.673223925
-257.673257298
-257.673380219
-257.673463636
-257.673465302
-257.673512379
-257.67345755
-257.673466608
-257.673544567
-257.673584977
-257.673577141
-257.673605449
-257.673795678
-257.673750053
-257.673823446
-257.673799217
-257.673811873
-257.673709454
-257.673733661
-257.673757892
-257.673757364
-257.673801939
-257.673824617
-257.67387103
-257.673924457
-257.674049222
-257.674089703
-257.674086482
-257.674114858
-257.674196863
-257.674224952
-257.674256066
-257.674285683
-257.674314004
-257.674346184
-257.674417903
-257.674480238
-257.674537717
-257.674726818
-257.674684571
-257.674655629
-257.674643013
-257.674662903
-257.67472565
-257.674710093
-257.674683473
-257.674812396
-257.67482178
-257.674801203
-257.674876517
-257.674869731
-257.674908077
-257.674911479
-257.674941609
-257.674905921
-257.674861597
-257.674899258
-257.674900754
-257.674925933
-257.674851322
-257.67486781
-257.674879078
-257.674860531
-257.674874781
-257.674861705
-257.674878592
-257.674951459
-257.674948969
-257.675062871
-257.675004725
-257.675016888
-257.6750816
-257.674974186
-257.675056857
-257.67506962
-257.675018864
-257.67502989
-257.675009418
-257.674965559
-257.674973774
-257.674982505
-257.67497327
-257.674950943
-257.674954102
-257.67495412
-257.674952278
-257.675036487
-257.675031192
-257.675019486
-257.675000583
-257.674989049
-257.674934023
-257.674949256
-257.674840483
-257.674752317
-257.674729634
-257.674743274
-257.674685533
-257.67464798
-257.674630618
-257.674624694
-257.674588926
-257.674558644
-257.674526808
-257.674482842
-257.674432817
-257.674387767
-257.674357407
-257.674309274
-257.674258118
-257.674207524
-257.674157676
-257.674159728
-257.674106678
-257.674093651
-257.674040138
-257.673988376
-257.673935615
-257.673886992
-257.673874773
-257.673867607
-257.673821111
-257.673795587
-257.673755011
-257.673676195
-257.6736435
-257.673626321
-257.673603357
-257.673585578
-257.67357389
-257.673585112
-257.673584412
-257.673571715
-257.673585121
-257.673604827
-257.673632183
-257.673655813
-257.673706514
-257.673685363
-257.673741718
-257.673791522
-257.67384312
-257.673892088
-257.673955029
-257.673975977
-257.673991844
-257.674064764
-257.67411626
-257.674175266
-257.674221651
-257.67426955
-257.674320174
-257.674367472
-257.674412984
-257.674454821
-257.674492814
-257.674526862
-257.674551028
-257.67457714
-257.674599376
-257.67462164
-257.674636576
-257.674655096
-257.674623876
-257.6746271
-257.674618318
-257.674600192
-257.674599373
-257.674596557
-257.674594307
-257.674610793
-257.674590973
-257.674592844
-257.674614653
-257.674592664
-257.674543058
-257.674516873
-257.674483689
-257.674481147
-257.674483005
-257.674445348
-257.674419389
-257.674419522
-257.674398266
-257.674403415
-257.674429366
-257.6744976
-257.674522815
-257.67448513
-257.674455446
-257.674459056
-257.674558295
-257.674561701
-257.67442423
-257.674453015
-257.674450788
-257.674452945
-257.674465114
-257.674465919
-257.67446613
-257.674502131
-257.674730641
-257.67472411
-257.674686596
-257.674667991
-257.674664938
-257.674676063
-257.674680243
-257.674842561
-257.674838259
-257.674833802
-257.674838756
-257.6748381
-257.674823373
-257.674819093
-257.674821341
-257.674826627
-257.674832125
-257.674829193
-257.674808555
-257.674807139
-257.674803669
-257.67477919
-257.674814041
-257.674776032
-257.67477794
-257.674775338
-257.674778364
-257.67479943
-257.67480385
-257.67477524
-257.674924638
-257.674930711
-257.674937151
-257.674941895
-257.674948711
-257.674957102
-257.674963716
-257.67500613
-257.675031761
-257.67504718
-257.675046831
-257.67498276
-257.674990703
-257.67499358
-257.674990258
-257.675151728
-257.675146236
-257.675111056
-257.675102789
-257.67509021
-257.675075002
-257.675073029
-257.67500349
-257.674960894
-257.674927593
-257.674912429
-257.674881004
-257.674785274
-257.674697016
-257.674662852
-257.674624247
-257.67455585
-257.674546623
-257.674503537
-257.674402592
-257.67432795
-257.674285542
-257.674244546
-257.674205098
-257.674157006
-257.674120854
-257.674076932
-257.674075254
-257.674056037
-257.674037795
-257.674024642
-257.674045356
-257.674043291
-257.674047082
-257.674057126
-257.67401876
-257.674040487
-257.674068025
-257.674099152
-257.67414195
-257.674038101
-257.674208078
-257.674259923
-257.674316246
-257.674356312
-257.674416539
-257.674425737
-257.674489182
-257.674551238
-257.674615465
-257.674534147
-257.674614023
-257.674679456
-257.67474295
-257.674792121
-257.674861523
-257.674901644
-257.674936629
-257.675010969
-257.675034756
-257.675144134
-257.675135271
-257.675122918
-257.675124879
-257.675051719
-257.675039611
-257.675098231
-257.675071175
-257.675102066
-257.675075462
-257.675055565
-257.67501701
-257.674998506
-257.674962077
-257.674918719
-257.674875811
-257.674832452
-257.674791246
-257.674807277
-257.674778303
-257.674748663
-257.674708888
-257.674693422
-257.674616359
-257.674600016
-257.674473829
-257.674503442
-257.674504032
-257.674519327
-257.674526227
-257.674517131
-257.674535677
-257.674558499
-257.674608494
-257.674640096
-257.674664544
-257.674698791
-257.674736859
-257.674770844
-257.674805139
-257.674870433
-257.674896809
-257.675044369
-257.675087114
-257.675155544
-257.675191409
-257.675207771
-257.675272919
-257.675313567
-257.675181011
-257.675189362
-257.675221673
-257.675281298
-257.675149188
-257.675164761
-257.675180876
-257.675150045
-257.675168378
-257.67518305
-257.675187411
-257.675196614
-257.675198118
-257.675196829
-257.675214501
-257.675196986
-257.6751685
-257.675099491
-257.675106625
-257.67508552
-257.675060559
-257.675057762
-257.675024693
-257.674982845
-257.674941242
-257.674895285
-257.674846758
-257.67488445
-257.674894495
-257.674831556
-257.674764709
-257.674699332
-257.674579704
-257.674490675
-257.674411452
-257.674354276
-257.674273851
-257.674188947
-257.674105793
-257.674010401
-257.673964344
-257.673904937
-257.673832306
-257.673758874
-257.673695583
-257.673639731
-257.673536257
-257.673492957
-257.673447608
-257.673419479
-257.673400754
-257.673388309
-257.673375596
-257.673548771
-257.673579229
-257.673611212
-257.67364585
-257.673690599
-257.673751072
-257.673861438
-257.673923781
-257.67400699
-257.674099112
-257.674208251
-257.674305868
-257.67440624
-257.674484562
-257.674587168
-257.674670437
-257.674771179
-257.674868592
-257.674963793
-257.675054382
-257.675140979
-257.675222221
-257.675297879
-257.675344686
-257.675407848
-257.675463431
-257.675512971
-257.675553673
-257.67562144
-257.675651263
-257.675675313
-257.675766066
-257.675835127
-257.675845452
-257.675857523
-257.675838473
-257.675829572
-257.675807542
-257.675768308
-257.675748298
-257.675718508
-257.675697015
-257.675665921
-257.675649541
-257.67561894
-257.675591578
-257.675616567
-257.675529465
-257.675521121
-257.675475388
-257.675417971
-257.675386091
-257.675386157
-257.675355107
-257.675325764
-257.675324504
-257.675297385
-257.675266003
-257.675268441
-257.675271088
-257.675248919
-257.675252282
-257.675266445
-257.675247829
-257.675246726
-257.6752804
-257.675357929
-257.675343354
-257.67532961
-257.675316626
-257.675305205
-257.67528894
-257.675293782
-257.675258925
-257.675187028
-257.675177348
-257.675186105
-257.675177152
-257.675168518
-257.675127215
-257.675150936
-257.675143183
-257.675135708
-257.675128512
-257.675127438
-257.675120816
-257.675129369
-257.675123338
-257.675119093
-257.67513015
-257.675125034
-257.675120223
-257.675170725
-257.675168299
-257.675164907
-257.675161228
-257.675145583
-257.675029229
-257.675025017
-257.675047014
-257.67497025
-257.674950397
-257.67492504
-257.674885406
-257.674853436
-257.674775178
-257.674772228
-257.674858704
-257.674855222
-257.674851364
-257.674929034
-257.674924199
-257.674954291
-257.674947965
-257.674940933
-257.674910623
-257.674897871
-257.67488766
-257.674870393
-257.674857865
-257.674842681
-257.674826616
-257.674787816
-257.674758045
-257.674736688
-257.674716976
-257.67469191
-257.674665032
-257.674636417
-257.674606184
-257.674574496
-257.674544348
-257.674510412
-257.674467475
-257.674432472
-257.674364191
-257.674329611
-257.674393012
-257.67437106
-257.674340437
-257.674312068
-257.674302381
-257.674297982
-257.67424974
-257.674326469
-257.674300549
-257.674294733
-257.674305224
-257.67431926
-257.674328675
-257.674353504
-257.674437295
-257.674412549
-257.674369726
-257.674380063
-257.674410059
-257.674400513
-257.674477217
-257.674529594
-257.674555925
-257.674614909
-257.674665513
-257.674730424
-257.674796721
-257.674974647
-257.675044205
-257.675114957
-257.675186644
-257.67523992
-257.675312789
-257.675385944
-257.675459206
-257.675532408
-257.675605394
-257.675776674
-257.675851268
-257.675929162
-257.675999829
-257.676065825
-257.676134373
-257.676192845
-257.676314868
-257.676338579
-257.676412781
-257.676468732
-257.676483226
-257.676534714
-257.676586071
-257.676634038
-257.676716194
-257.676734254
-257.676757501
-257.67678957
-257.676825858
-257.676934971
-257.676842451
-257.676837065
-257.676851029
-257.676882573
-257.676860963
-257.676845053
-257.676657843
-257.676595155
-257.676529488
-257.676455172
-257.676427766
-257.676367651
-257.676310944
-257.676244254
-257.676204769
-257.6761345
-257.676060829
-257.676038622
-257.67596791
-257.6759118
-257.675830982
-257.67577378
-257.675585531
-257.675506226
-257.675428696
-257.675349977
-257.675271805
-257.675233635
-257.67516649
-257.675104906
-257.67498282
-257.674939614
-257.674890725
-257.674846139
-257.674792201
-257.674755973
-257.674724793
-257.674682872
-257.674619031
-257.674587731
-257.674561296
-257.674552223
-257.674552173
-257.674541204
-257.67454403
-257.674538296
-257.674534719
-257.67453258
-257.674533154
-257.674573689
-257.674480178
-257.674486925
-257.674497045
-257.674501791
-257.674514928
-257.674530248
-257.674547759
-257.674557146
-257.674560997
-257.674599732
-257.674649622
-257.674677407
-257.674707015
-257.674782482
-257.674796564
-257.674830332
-257.674865019
-257.674956435
-257.675024545
-257.67506858
-257.675112712
-257.6751058
-257.675209595
-257.675241951
-257.675260106
-257.675356156
-257.675383703
-257.675402228
-257.675427814
-257.675455062
-257.675345603
-257.675359566
-257.675369155
-257.675356246
-257.675314884
-257.675312982
-257.675307025
-257.675296941
-257.67528268
-257.675237645
-257.675252439
-257.675177832
-257.67522227
-257.675186939
-257.675147917
-257.675096251
-257.675049615
-257.674987273
-257.674930683
-257.67495836
-257.674898081
-257.674839821
-257.674775131
-257.6746967
-257.674628349
-257.674505008
-257.674398239
-257.674327478
-257.674256863
-257.674197803
-257.674129075
-257.674055431
-257.673990873
-257.673936352
-257.673890818
-257.673837008
-257.673788265
-257.673714728
-257.673676537
-257.673670929
-257.673646354
-257.67362901
-257.673619225
-257.673652887
-257.673657733
-257.673689677
-257.673700632
-257.673730728
-257.673783599
-257.673803219
-257.673858866
-257.67391546
-257.673980838
-257.67407451
-257.674150461
-257.674230707
-257.674313419
-257.674400124
-257.674503685
-257.674591911
-257.6746753
-257.674722855
-257.674813908
-257.674954276
-257.675041423
-257.675132959
-257.675348234
-257.675435182
-257.675611894
-257.675640302
-257.675706878
-257.675768955
-257.675826365
-257.675887188
-257.675946895
-257.675984974
-257.676030161
-257.676063297
-257.676085839
-257.676090741
-257.676104651
-257.67615746
-257.676185698
-257.676126283
-257.676180934
-257.676224312
-257.676219155
-257.676229449
-257.676319819
-257.676271234
-257.67623285
-257.676298098
-257.676270719
-257.676219056
-257.676071306
-257.676043193
-257.676014182
-257.676007086
-257.675970707
-257.675939148
-257.67592637
