-257.65787844
-257.691528796
-257.691560079
-257.691578553
-257.691583261
-257.691572964
-257.691546151
-257.691501108
-257.691435699
-257.691347769
-257.691234903
-257.691094607
-257.690924515
-257.690721323
-257.690483118
-257.690208535
-257.689894323
-257.689537569
-257.689130343
-257.688690476
-257.688207534
-257.687684233
-257.687117103
-257.686530484
-257.685894628
-257.685232093
-257.684549601
-257.683881298
-257.683172346
-257.682481178
-257.6818094
-257.681146016
-257.680556396
-257.680023219
-257.67954106
-257.679132869
-257.678812143
-257.678548018
-257.678373196
-257.678286041
-257.678279909
-257.678395965
-257.678605712
-257.678820537
-257.67923857
-257.679597231
-257.680041273
-257.680571032
-257.681118041
-257.681801354
-257.682496691
-257.683199079
-257.683815589
-257.684445021
-257.685128668
-257.685665043
-257.686111771
-257.686705003
-257.687191494
-257.687571547
-257.688017148
-257.688279935
-257.688651665
-257.688915053
-257.688966192
-257.68900941
-257.689094095
-257.689246863
-257.688995099
-257.689014142
-257.688872854
-257.688866561
-257.688765158
-257.688580729
-257.688434733
-257.688268894
-257.688114863
-257.687882464
-257.687644846
-257.687427483
-257.687122843
-257.686905088
-257.686616638
-257.686395571
-257.686042504
-257.685583885
-257.685362391
-257.685065891
-257.684818148
-257.684518675
-257.684217782
-257.683937171
-257.68398988
-257.683875825
-257.683790938
-257.683681759
-257.683527872
-257.683449016
-257.683369052
-257.683286351
-257.683349524
-257.683127004
-257.683298459
-257.683464436
-257.68344866
-257.683683888
-257.68386498
-257.684127262
-257.684349358
-257.68461167
-257.684980279
-257.685072658
-257.685435006
-257.685481996
-257.685365452
-257.685490892
-257.685651534
-257.685967465
-257.686267929
-257.686630453
-257.686912634
-257.687407619
-257.687770513
-257.688222832
-257.68841809
-257.688578135
-257.688769252
-257.688789878
-257.688704259
-257.68890445
-257.689100396
-257.689209374
-257.689296096
-257.689621957
-257.689838647
-257.689661701
-257.689779902
-257.689972921
-257.690163822
-257.690165275
-257.690084548
-257.690163527
-257.690238086
-257.69054366
-257.690412331
-257.690747049
-257.690918139
-257.690717586
-257.690781876
-257.690943663
-257.690906192
-257.690880137
-257.690811293
-257.690769859
-257.690613657
-257.690163325
-257.689953263
-257.689727159
-257.689382803
-257.689002437
-257.688905389
-257.688552101
-257.688206175
-257.687873387
-257.687408445
-257.686944967
-257.686514958
-257.686076684
-257.685655093
-257.68519764
-257.684772241
-257.684519931
-257.684327142
-257.684200544
-257.684185441
-257.684318734
-257.684507226
-257.684702881
-257.685117127
-257.685521607
-257.685802959
-257.686320604
-257.686815615
-257.687319667
-257.687720712
-257.688070052
-257.688358071
-257.688585951
-257.688693651
-257.688786156
-257.688889124
-257.688842233
-257.68882167
-257.688736741
-257.688680069
-257.688457935
-257.68839783
-257.688371218
-257.688283068
-257.688353964
-257.688364989
-257.688354665
-257.68842354
-257.688559574
-257.688837417
-257.688878516
-257.688914473
-257.689012875
-257.689006418
-257.689502211
-257.689466229
-257.689436304
-257.689413585
-257.689378297
-257.689329112
-257.689422259
-257.689388484
-257.689391124
-257.689381708
-257.689325277
-257.689358202
-257.689377245
-257.689367498
-257.689147275
-257.689391172
-257.689435579
-257.689481688
-257.689464779
-257.6895939
-257.689414731
-257.689439424
-257.689406517
-257.689036552
-257.689044056
-257.688905071
-257.688853779
-257.688514326
-257.68808094
-257.687783983
-257.687380144
-257.687191693
-257.686786555
-257.686449085
-257.686020485
-257.685707662
-257.685524812
-257.685399456
-257.685430972
-257.685416201
-257.685591565
-257.685834606
-257.685838884
-257.686492902
-257.686762921
-257.687114598
-257.687636076
-257.687759879
-257.688231073
-257.688619344
-257.689062985
-257.689239388
-257.689269555
-257.689340006
-257.689163144
-257.689048074
-257.688852383
-257.688553632
-257.688162548
-257.688028878
-257.687701604
-257.687213357
-257.68703793
-257.686912481
-257.686803852
-257.686736488
-257.686744021
-257.686810465
-257.68697498
-257.687325988
-257.687673
-257.687963308
-257.688253136
-257.688546752
-257.6888272
-257.68901946
-257.689354447
-257.689565857
-257.689711048
-257.68968763
-257.68961744
-257.689733836
-257.689947667
-257.689948839
-257.689923391
-257.689791361
-257.689761937
-257.689508621
-257.689214765
-257.688864059
-257.688454927
-257.688120851
-257.687556496
-257.686877184
-257.68613688
-257.685452029
-257.684752088
-257.68427854
-257.683674542
-257.683163038
-257.682768489
-257.682512231
-257.682394245
-257.682314377
-257.682576086
-257.682963644
-257.683454338
-257.684129995
-257.684852126
-257.685645541
-257.686475192
-257.68730153
-257.688077009
-257.688828371
-257.689458511
-257.690042195
-257.690518468
-257.690846851
-257.691045128
-257.691431808
-257.691361533
-257.691309042
-257.691141356
-257.690949751
-257.690733574
-257.690610201
-257.69027219
-257.69002374
-257.689704126
-257.689405866
-257.689169774
-257.689111345
-257.688886206
-257.688782917
-257.688755102
-257.688540759
-257.688510749
-257.688397436
-257.688281178
-257.688146928
-257.688001732
-257.687903263
-257.687832953
-257.687696449
-257.687640602
-257.687575295
-257.687523068
-257.687440177
-257.68740063
-257.687332221
-257.687308021
-257.687152685
-257.687190265
-257.687012354
-257.687027327
-257.687152705
-257.687306672
-257.687480259
-257.687412282
-257.687379599
-257.687330836
-257.687261864
-257.687081028
-257.686959902
-257.686824687
-257.686864159
-257.6866822
-257.68646016
-257.686212337
-257.685960718
-257.685670899
-257.685406767
-257.685381515
-257.685145309
-257.684971521
-257.68476913
-257.684713336
-257.684759213
-257.684806991
-257.685001356
-257.685246963
-257.68556957
-257.686161428
-257.686686709
-257.687245684
-257.687781354
-257.688342425
-257.688874513
-257.68945844
-257.69004416
-257.690474021
-257.691087879
-257.691617834
-257.69214351
-257.692492993
-257.693015813
-257.69352521
-257.693922745
-257.694397857
-257.694661311
-257.694873559
-257.69492733
-257.694926835
-257.694846207
-257.694684949
-257.694228915
-257.69377248
-257.693222941
-257.692698843
-257.6920915
-257.69134652
-257.690630134
-257.690040065
-257.689416585
-257.688869066
-257.688381823
-257.687951116
-257.687577034
-257.687338857
-257.687063203
-257.686870151
-257.686724037
-257.686724774
-257.686731744
-257.686691927
-257.686672909
-257.686759937
-257.686815438
-257.686930292
-257.687050781
-257.687213782
-257.687478574
-257.687675372
-257.687968042
-257.688215677
-257.688554469
-257.688775394
-257.689177997
-257.689320059
-257.68951476
-257.689685385
-257.689807091
-257.689782184
-257.689785415
-257.689721014
-257.689478979
-257.689181386
-257.689068006
-257.688717651
-257.688309897
-257.687896177
-257.687396741
-257.686796509
-257.686173787
-257.685850247
-257.685277943
-257.684719848
-257.684212296
-257.683832248
-257.683469702
-257.683218133
-257.683050266
-257.68295054
-257.683017916
-257.683291605
-257.683597868
-257.684058873
-257.684588241
-257.68521509
-257.685899272
-257.686730052
-257.687320194
-257.687914114
-257.688579385
-257.689365448
-257.689880205
-257.690394636
-257.690760171
-257.691084919
-257.691452779
-257.691706284
-257.691885416
-257.691838503
-257.691953129
-257.691897732
-257.691981075
-257.691994721
-257.691783425
-257.691771281
-257.691526149
-257.691298421
-257.690956965
-257.690548402
-257.690263184
-257.689982592
-257.68990207
-257.689708948
-257.689573185
-257.689268941
-257.688948595
-257.688811125
-257.688741821
-257.688659669
-257.688633647
-257.688514869
-257.688407682
-257.688236888
-257.688027266
-257.68778258
-257.687506592
-257.687180455
-257.686847893
-257.686554909
-257.686281038
-257.686093246
-257.686010321
-257.68593628
-257.685673849
-257.68571744
-257.685861043
-257.686140271
-257.686496152
-257.686897302
-257.687189174
-257.687657462
-257.688092875
-257.688537757
-257.688899537
-257.68925156
-257.689555355
-257.68987449
-257.690337763
-257.690492787
-257.690600367
-257.690670108
-257.690614367
-257.690611882
-257.690667894
-257.690606824
-257.690497611
-257.690395351
-257.690541984
-257.690336365
-257.69011727
-257.689864722
-257.689493941
-257.689294759
-257.688945035
-257.688567345
-257.68827453
-257.687866709
-257.687449387
-257.686879467
-257.686475281
-257.686156046
-257.685656365
-257.6853326
-257.685076651
-257.685062669
-257.685072461
-257.684934401
-257.684860667
-257.68503019
-257.685023669
-257.685014977
-257.685116394
-257.685343968
-257.685555681
-257.685805598
-257.686140643
-257.686523347
-257.686989377
-257.687786267
-257.688332227
-257.688734841
-257.689280995
-257.689234702
-257.689664487
-257.690043619
-257.690457773
-257.690771174
-257.691042766
-257.691362642
-257.691481381
-257.691517059
-257.691505988
-257.691411113
-257.69130433
-257.691115462
-257.691035281
-257.690538093
-257.690336624
-257.690260562
-257.690088398
-257.689880545
-257.689672251
-257.689467957
-257.689415485
-257.689254044
-257.689173033
-257.689039575
-257.688695974
-257.68863239
-257.688528571
-257.688494255
-257.688504927
-257.688512905
-257.688946055
-257.68903956
-257.689065539
-257.689129375
-257.68912005
-257.689217539
-257.689224934
-257.689238647
-257.6893106
-257.689375738
-257.689351795
-257.689024873
-257.688980188
-257.688905402
-257.688828007
-257.688800617
-257.688664897
-257.688533811
-257.687941725
-257.687802045
-257.687562902
-257.687364081
-257.687158088
-257.68703479
-257.687002573
-257.686700051
-257.686463636
-257.686323767
-257.685873527
-257.685663905
-257.685475518
-257.685276801
-257.685130739
-257.685175529
-257.685128411
-257.685041411
-257.684856475
-257.684851552
-257.684848748
-257.684931099
-257.685213357
-257.685314518
-257.685818115
-257.686038341
-257.686252887
-257.686490648
-257.686762409
-257.687060582
-257.687439554
-257.687762479
-257.688127024
-257.688504658
-257.688841766
-257.689388436
-257.689758719
-257.690147351
-257.690473028
-257.69119538
-257.691503257
-257.691771727
-257.692057639
-257.692305156
-257.692433541
-257.692526682
-257.692571515
-257.692606388
-257.692556766
-257.692454792
-257.692362947
-257.692144552
-257.692040485
-257.691716904
-257.691599106
-257.691295598
-257.691005413
-257.690664838
-257.690349434
-257.689370286
-257.689048514
-257.688737045
-257.688639081
-257.688480167
-257.688403951
-257.688279248
-257.688299111
-257.688416489
-257.688587774
-257.688378492
-257.688416283
-257.68852407
-257.688565904
-257.688555758
-257.688663604
-257.688803501
-257.688785935
-257.688460135
-257.688452932
-257.688420826
-257.688376525
-257.688372802
-257.68844124
-257.688564408
-257.688671862
-257.688750601
-257.689137043
-257.689312554
-257.689368553
-257.689529173
-257.689471206
-257.689548452
-257.689633931
-257.68973663
-257.689883331
-257.690100059
-257.690161479
-257.6902303
-257.69023496
-257.690291961
-257.690317216
-257.690299667
-257.690129416
-257.690092674
-257.690132906
-257.690331001
-257.690346612
-257.6903797
-257.69044798
-257.690499361
-257.690557519
-257.69064585
-257.690480758
-257.690646591
-257.690687023
-257.690716668
-257.690738895
-257.690662822
-257.690859275
-257.691075113
-257.691119556
-257.691112189
-257.691086348
-257.691142167
-257.69109642
-257.691032581
-257.691016207
-257.69092472
-257.690746463
-257.690558356
-257.690466871
-257.690245443
-257.69004902
-257.689806316
-257.689541888
-257.689278198
-257.689337562
-257.689067803
-257.688800866
-257.688541944
-257.688298287
-257.688028686
-257.687665947
-257.687486972
-257.687287556
-257.687224594
-257.686853236
-257.686825806
-257.686788454
-257.686860581
-257.686999549
-257.687175746
-257.687303976
-257.687504712
-257.687850147
-257.688275598
-257.688644531
-257.689041835
-257.689280788
-257.689675131
-257.690051346
-257.690421988
-257.691049884
-257.691343452
-257.691641386
-257.691907315
-257.692534246
-257.692877027
-257.693017102
-257.692732294
-257.692672172
-257.693015985
-257.693029376
-257.692923135
-257.692536447
-257.692363453
-257.692199161
-257.692021038
-257.691804066
-257.691788201
-257.691599454
-257.691377837
-257.691292623
-257.691263139
-257.691132193
-257.691113268
-257.690947018
-257.69076949
-257.690574981
-257.69023149
-257.689752863
-257.68964498
-257.689494442
-257.689310642
-257.689107444
-257.688926361
-257.68874585
-257.6885256
-257.688265357
-257.687974244
-257.687899409
-257.687760039
-257.687636717
-257.687540935
-257.687578401
-257.687552994
-257.687585753
-257.687473926
-257.687434062
-257.687571633
-257.687713959
-257.687880338
-257.688062135
-257.6882427
-257.688451778
-257.688682682
-257.688954395
-257.689426911
-257.689726835
-257.68987789
-257.690180355
-257.690317282
-257.690450409
-257.69057854
-257.690660339
-257.690644105
-257.690758839
-257.690710733
-257.690259496
-257.690141354
-257.689815947
-257.689677875
-257.689508241
-257.689342539
-257.68918921
-257.688596096
-257.688463227
-257.688361949
-257.688300031
-257.688244359
-257.688256459
-257.688270206
-257.688321532
-257.688393926
-257.688481802
-257.688441609
-257.688724574
-257.689363806
-257.689519463
-257.689548357
-257.689729716
-257.689861987
-257.690012463
-257.689994932
-257.690113297
-257.690303407
-257.690383078
-257.690237781
-257.690343982
-257.690378707
-257.69032753
-257.690322118
-257.690327701
-257.690293315
-257.69031243
-257.690318056
-257.690392123
-257.69027447
-257.690205022
-257.690138068
-257.690219803
-257.690182114
-257.690190925
-257.6901592
-257.690119703
-257.690232484
-257.690245508
-257.690213135
-257.690232148
-257.690430493
-257.690294209
-257.690125065
-257.690047367
-257.690223573
-257.690220652
-257.690106548
-257.690223894
-257.690025768
-257.690009835
-257.689918386
-257.68935843
-257.689242644
-257.689094324
-257.68911697
-257.689008187
-257.68891426
-257.688813036
-257.688800797
-257.688831457
-257.688900765
-257.68895888
-257.689015382
-257.689337677
-257.689463637
-257.689613299
-257.689771942
-257.689799553
-257.689921211
-257.690067772
-257.690110942
-257.690138194
-257.690114276
-257.690053276
-257.689955671
-257.689887513
-257.689724343
-257.689549782
-257.689376831
-257.689241216
-257.689151827
-257.688664756
-257.688718774
-257.688733454
-257.68898469
-257.68915016
-257.689191059
-257.689452358
-257.689715773
-257.690064847
-257.69037249
-257.690675646
-257.691049675
-257.691326417
-257.69171734
-257.69185221
-257.692045689
-257.69214369
-257.692333139
-257.692475692
-257.692643403
-257.692783949
-257.692905175
-257.692986079
-257.693027511
-257.693074266
-257.692759529
-257.692693537
-257.692651107
-257.69265715
-257.692498143
-257.692210124
-257.691895627
-257.691790918
-257.691525996
-257.690983687
-257.690570338
-257.690224509
-257.689813689
-257.689669885
-257.689273777
-257.688951979
-257.688677267
-257.688362727
-257.688073273
-257.687758954
-257.687597864
