-257.65787844
-257.661239633
-257.661239681
-257.661239727
-257.661239773
-257.661239817
-257.661239859
-257.661239901
-257.661239942
-257.661239981
-257.661240019
-257.661240056
-257.661240091
-257.661240126
-257.661240159
-257.661240191
-257.661240222
-257.661240251
-257.661240279
-257.661240306
-257.661240332
-257.661240356
-257.661240379
-257.661240401
-257.661240422
-257.661240441
-257.661240459
-257.661240475
-257.66124049
-257.661240504
-257.661240517
-257.661240528
-257.661240538
-257.661240546
-257.661240553
-257.661240558
-257.661240562
-257.661240565
-257.661240566
-257.661240566
-257.661240564
-257.661240561
-257.661240556
-257.661240549
-257.661240542
-257.661240532
-257.661240521
-257.661240508
-257.661240494
-257.661240478
-257.661240461
-257.661240442
-257.661240421
-257.661240399
-257.661240375
-257.661240349
-257.66124032
-257.66124029
-257.661240259
-257.661240226
-257.661240192
-257.661240155
-257.661240117
-257.661240076
-257.661240047
-257.661240003
-257.661239957
-257.661239909
-257.661239859
-257.661239807
-257.661239754
-257.661239698
-257.66123964
-257.66123958
-257.661239517
-257.661239453
-257.661239387
-257.661239318
-257.661239248
-257.661239175
-257.661239099
-257.661239022
-257.661238942
-257.66123886
-257.661238776
-257.661238689
-257.6612386
-257.661238509
-257.661238415
-257.661238319
-257.66123822
-257.661238119
-257.661238015
-257.661237909
-257.6612378
-257.661237688
-257.661237573
-257.661237457
-257.661237337
-257.661237215
-257.66123709
-257.661236963
-257.661236833
-257.6612367
-257.661236564
-257.661236425
-257.661236283
-257.661236139
-257.661235991
-257.661235841
-257.661235687
-257.661235531
-257.661235372
-257.661235209
-257.661235014
-257.661234845
-257.661234674
-257.661234483
-257.661234304
-257.661234123
-257.661233938
-257.66123375
-257.661233559
-257.661233338
-257.66123314
-257.661232939
-257.661232734
-257.661232477
-257.661232266
-257.661232051
-257.661231832
-257.66123161
-257.661231385
-257.661231155
-257.661230923
-257.661230686
-257.661230446
-257.661230203
-257.661229956
-257.661229705
-257.66122945
-257.66122907
-257.661228808
-257.661228542
-257.661228272
-257.661227998
-257.661227721
-257.661227297
-257.661227011
-257.661226722
-257.661226429
-257.661226131
-257.66122583
-257.661225574
-257.661225265
-257.661224951
-257.661224634
-257.661224312
-257.661223987
-257.661223657
-257.661223323
-257.661222985
-257.661222643
-257.661222297
-257.661221947
-257.661221592
-257.661221233
-257.66122087
-257.661220503
-257.661220131
-257.661219756
-257.661219341
-257.661218957
-257.661218568
-257.661218175
-257.661217778
-257.661217377
-257.661217397
-257.661217647
-257.661217232
-257.661216813
-257.66121639
-257.661215963
-257.661215321
-257.661215184
-257.661214744
-257.661214299
-257.66121385
-257.661213397
-257.661212939
-257.661212477
-257.661212011
-257.66121154
-257.661211083
-257.66121119
-257.661210707
-257.661210219
-257.661209727
-257.661209231
-257.661208731
-257.661208226
-257.661207403
-257.66120689
-257.661206373
-257.661205852
-257.661205317
-257.661204787
-257.661204254
-257.661203716
-257.661203175
-257.661202629
-257.661202079
-257.661201526
-257.661200968
-257.661200407
-257.661199842
-257.661199238
-257.661198665
-257.661198088
-257.661197508
-257.661196924
-257.661195761
-257.661195345
-257.66119475
-257.661194144
-257.661193542
-257.661192936
-257.661192327
-257.661191715
-257.661191099
-257.661190481
-257.661189858
-257.661189233
-257.661188604
-257.661187973
-257.661187338
-257.661186701
-257.66118606
-257.661185417
-257.661184771
-257.661184122
-257.66118347
-257.661182816
-257.66118216
-257.6611815
-257.661180839
-257.661180175
-257.661179509
-257.66117884
-257.661178169
-257.661177497
-257.661176822
-257.661176145
-257.661175467
-257.661174787
-257.661174105
-257.661173421
-257.661172736
-257.661172049
-257.661171361
-257.661170661
-257.66116997
-257.661169279
-257.66116662
-257.661165926
-257.661165231
-257.661164536
-257.66116384
-257.661163143
-257.661162446
-257.661161748
-257.66116105
-257.66116039
-257.661159692
-257.661158716
-257.661158018
-257.661158132
-257.661157434
-257.661156736
-257.661157201
-257.661156504
-257.661155808
-257.661155113
-257.661154419
-257.66115399
-257.661153298
-257.661152606
-257.661151677
-257.661150989
-257.661150301
-257.661149616
-257.661148846
-257.661148344
-257.661147663
-257.661146985
-257.661146313
-257.661145639
-257.661144968
-257.661144299
-257.661143633
-257.661142969
-257.661142308
-257.66114165
-257.661140465
-257.661139813
-257.661139164
-257.661138519
-257.661137861
-257.661137223
-257.661136588
-257.661138666
-257.661138039
-257.661137618
-257.661136591
-257.661137883
-257.661137272
-257.661136667
-257.661136065
-257.661135468
-257.661134876
-257.661134267
-257.661133362
-257.661130394
-257.661129822
-257.661129419
-257.661129036
-257.66112848
-257.66112793
-257.661127385
-257.661126846
-257.661126314
-257.661125787
-257.661127472
-257.661127001
-257.661126493
-257.661125991
-257.661125496
-257.661125007
-257.661122636
-257.66112216
-257.661121554
-257.661119403
-257.661118499
-257.661117086
-257.661116646
-257.661116047
-257.661115621
-257.661115203
-257.661115817
-257.661115414
-257.661115018
-257.661115184
-257.661113366
-257.661112841
-257.661112476
-257.66111212
-257.661111772
-257.661111432
-257.66111132
-257.661110914
-257.661110598
-257.661110291
-257.661109993
-257.661109703
-257.661109492
-257.661109219
-257.661108955
-257.661108699
-257.661108453
-257.661108215
-257.661107985
-257.661109046
-257.661108835
-257.661108659
-257.661108465
-257.661108281
-257.661111699
-257.661111949
-257.661111792
-257.661111644
-257.661111505
-257.661111375
-257.661111254
-257.661111223
-257.66111112
-257.661111027
-257.661110943
-257.661112172
-257.661112107
-257.66111205
-257.661112003
-257.661111965
-257.661111936
-257.661111917
-257.661111906
-257.661111905
-257.661114747
-257.661115626
-257.661115653
-257.661115774
-257.661115723
-257.661115507
-257.66111557
-257.661115642
-257.661115722
-257.661115567
-257.661115798
-257.661115905
-257.661116022
-257.6611137
-257.661113834
-257.661112896
-257.661113047
-257.661114932
-257.661115101
-257.661116013
-257.661116199
-257.661116394
-257.661116597
-257.661116809
-257.66111937
-257.661119598
-257.661119834
-257.661120079
-257.661120331
-257.661116374
-257.661115305
-257.661115777
-257.661118407
-257.661118699
-257.661118611
-257.661119173
-257.661119487
-257.661115466
-257.661115796
-257.661116452
-257.661116226
-257.661116577
-257.661116935
-257.661117301
-257.661117673
-257.661118016
-257.661118402
-257.661119108
-257.661119507
-257.661118288
-257.6611187
-257.661119118
-257.661119542
-257.661120144
-257.66112058
-257.661121022
-257.66112147
-257.661121923
-257.661122817
-257.661123281
-257.661124061
-257.661123317
-257.661123798
-257.66112388
-257.66112437
-257.661123586
-257.661124289
-257.661122164
-257.661122674
-257.661131809
-257.661134513
-257.661135035
-257.661135562
-257.661136092
-257.66113242
-257.661132958
-257.6611335
-257.661134046
-257.661134595
-257.661134754
-257.661135848
-257.661136407
-257.661136969
-257.661137682
-257.66113825
-257.661139572
-257.661139928
-257.661144024
-257.661144603
-257.661145184
-257.661145767
-257.661146352
-257.661146939
-257.661147528
-257.661148119
-257.66115462
-257.661155214
-257.661160415
-257.661161013
-257.661164787
-257.661165386
-257.661165987
-257.661166589
-257.661167192
-257.661167796
-257.661168255
-257.661170108
-257.661165324
-257.661166541
-257.661167147
-257.661167754
-257.661168361
-257.661168967
-257.661169574
-257.661170312
-257.661170031
-257.661170637
-257.661171243
-257.661171848
-257.661174686
-257.66117529
-257.661173978
-257.66117503
-257.661175631
-257.661174699
-257.661175299
-257.661176745
-257.661177076
-257.661177672
-257.661177897
-257.661178489
-257.661179145
-257.661179734
-257.661180322
-257.661180689
-257.661181307
-257.661184084
-257.661166872
-257.661167449
-257.661168457
-257.661162962
-257.661165061
-257.661165629
-257.661166196
-257.661167223
-257.661167784
-257.661168343
-257.661168899
-257.661167847
-257.661166728
-257.661167275
-257.661166975
-257.661167517
-257.661168055
-257.66116834
-257.661169472
-257.66117
-257.661170526
-257.661171048
-257.661171567
-257.661172045
-257.661172557
-257.661173065
-257.661171725
-257.661170419
-257.661170916
-257.661172771
-257.661172561
-257.661173047
-257.661177657
-257.66117736
-257.661177835
-257.661178785
-257.661179252
-257.661179714
-257.661178939
-257.661182446
-257.661182896
-257.661183341
-257.661183783
-257.661191829
-257.661192262
-257.66119269
-257.661194532
-257.6611926
-257.661193015
-257.661193427
-257.661193455
-257.661193857
-257.661194403
-257.661194405
-257.661194794
-257.661195178
-257.661195616
-257.661195926
-257.661193507
-257.661194567
-257.661195219
-257.661196079
-257.661196431
-257.661196778
-257.66119712
-257.661197362
-257.661197695
-257.661201636
-257.66120196
-257.661202279
-257.661201813
-257.661202122
-257.661202427
-257.661202726
-257.66120285
-257.661204708
-257.661207944
-257.661208224
-257.661203308
-257.661197904
-257.661199843
-257.661200105
-257.661200361
-257.661200612
-257.661200859
-257.661201013
-257.66120125
-257.661201481
-257.661201976
-257.661201815
-257.661202033
-257.661202245
-257.661200662
-257.66119496
-257.661195013
-257.661195206
-257.661195395
-257.66119623
-257.661196409
-257.661196583
-257.661196429
-257.661196594
-257.661191697
-257.661190618
-257.6611909
-257.661191351
-257.661197771
-257.661197907
-257.661198039
-257.661201706
-257.661201829
-257.661210145
-257.661211482
-257.66121159
-257.661213006
-257.661213105
-257.661213211
-257.661232416
-257.661232502
-257.661232583
-257.661232659
-257.661235196
-257.661235906
-257.661235969
-257.661236028
-257.661236082
-257.661236132
-257.661236379
-257.661235454
-257.661238519
-257.66123855
-257.661239833
-257.661239857
-257.661236135
-257.661250177
-257.661250188
-257.661250496
-257.661248482
-257.661249087
-257.661249361
-257.661249421
-257.661249408
-257.661247931
-257.6612461
-257.661244865
-257.661249151
-257.661249117
-257.661253053
-257.661248239
-257.661246287
-257.661246237
-257.661252167
-257.66125211
-257.661252049
-257.661251148
-257.661248525
-257.661249999
-257.661249675
-257.661249595
-257.661249512
-257.661249029
-257.661248939
-257.661248586
-257.661248488
-257.66124934
-257.661249223
-257.661249882
-257.66124977
-257.661253938
-257.661256164
-257.661256042
-257.661254982
-257.661254854
-257.661254726
-257.661254591
-257.661255502
-257.661254573
-257.661254275
-257.66125557
-257.66125542
-257.661255267
-257.661258619
-257.661250681
-257.661250519
-257.661250151
-257.661249983
-257.661249812
-257.661249638
-257.661248698
-257.661248902
-257.661248193
-257.661248008
-257.661249312
-257.661261276
-257.661261083
-257.661261107
-257.661260909
-257.661260708
-257.661254824
-257.661242179
-257.661241972
-257.661244843
-257.661244631
-257.661244618
-257.661244401
-257.661244181
-257.66124396
-257.661240227
-257.661234535
-257.661232795
-257.661232565
-257.661232332
-257.661232098
-257.661233285
-257.661233046
-257.661232806
-257.66123203
-257.661231786
-257.661236774
-257.661236526
-257.661239072
-257.661238345
-257.661238092
-257.661237837
-257.661237581
-257.661238663
-257.661238403
-257.661238142
-257.661239036
-257.661246592
-257.661253649
-257.661253382
-257.661253114
-257.661248001
-257.661248278
-257.661248005
-257.661243156
-257.661242881
-257.661242605
-257.661230646
-257.661230368
-257.661233858
-257.66122922
-257.661228769
-257.661221409
-257.661221126
-257.661217569
-257.661217283
-257.661217989
-257.661222962
-257.661222674
-257.661222385
-257.661216196
-257.661215905
-257.661215983
-257.661215691
-257.661215399
-257.661214966
-257.661211788
-257.661209259
-257.661208964
-257.661212093
-257.661213562
-257.661213266
-257.66121297
-257.661205828
-257.661201851
-257.661198156
-257.661196328
-257.661197015
-257.661196717
-257.661194565
-257.661193139
-257.66118829
-257.6611931
-257.661192801
-257.661192999
-257.661192701
-257.661192402
-257.661192104
-257.661191806
-257.661191507
-257.661189465
-257.661189688
-257.661189391
-257.661189093
-257.661188796
-257.661188499
-257.661187177
-257.66118688
-257.661185621
-257.661193166
-257.6612006
-257.661200305
-257.661200011
-257.661199717
-257.661199423
-257.66119913
-257.66119897
-257.661197257
-257.661196966
-257.661196335
-257.661196045
-257.661195756
-257.661195554
-257.661196683
-257.661193303
-257.661193017
-257.661192616
-257.661192331
-257.661191429
-257.661191147
-257.661190865
-257.661190584
-257.661189122
-257.661188843
-257.661187835
-257.6611831
-257.661183087
-257.661182812
-257.661182788
-257.661191115
-257.661190844
-257.661190573
-257.661190304
-257.661190036
-257.661187629
-257.661187364
-257.661186862
-257.6611866
-257.661186258
-257.661185997
-257.661185738
-257.661180568
-257.661182823
-257.661182698
-257.661182445
-257.661181938
-257.661181687
-257.661181439
-257.661181191
-257.661181717
-257.661181473
-257.66118123
-257.661178876
-257.661178636
-257.661178398
-257.661178162
-257.661177927
-257.661177694
-257.661177463
-257.661182973
-257.661182745
-257.66117511
-257.66117522
-257.661174902
-257.661176513
-257.661176294
-257.661176076
-257.661185123
-257.661184909
-257.661184698
-257.66118307
-257.661180332
-257.661182818
-257.661182614
-257.661182412
-257.661182212
-257.66119425
-257.661194053
-257.661190093
-257.661189901
-257.661190013
-257.661189825
-257.661189639
-257.661189455
-257.661189296
-257.661184776
-257.661181638
-257.661182072
-257.661177318
-257.66117956
-257.661179391
-257.661179224
-257.661179059
-257.661178896
-257.661178735
-257.661178577
-257.661178421
-257.661188626
-257.661188474
-257.661184734
-257.661184586
-257.661184441
-257.661191193
-257.661192792
-257.661192654
-257.661192809
-257.661193977
-257.661193846
-257.661182551
-257.661182424
-257.6611823
-257.661182875
-257.661182755
-257.661182827
-257.661179936
-257.661179824
-257.661179714
-257.661178525
-257.66117842
-257.661178317
-257.661181174
-257.661180625
-257.661180529
-257.661180036
-257.661184146
-257.661184057
-257.661183971
-257.66119202
-257.661191939
-257.661192516
-257.66119244
-257.661192452
-257.661192381
-257.661195697
-257.661195631
-257.661194968
-257.661210139
-257.66121008
-257.661210024
-257.661210291
-257.66120753
-257.661206345
-257.661206299
-257.661206255
-257.661197056
-257.661197017
-257.66119698
-257.661196541
-257.661196246
-257.661199876
-257.661199849
-257.661203312
-257.66120329
-257.661203271
-257.661196184
-257.66119617
-257.661196158
-257.661196148
-257.661196141
-257.661196137
-257.661196134
-257.661196135
-257.661196137
-257.661196448
-257.661196455
-257.661201148
-257.661200582
-257.661199837
-257.661199854
-257.661199874
-257.661199896
-257.661200643
-257.66120067
-257.661200821
-257.661200853
