-327.54587844
-327.56331754
-327.480907235
-327.298379717
-327.015726755
-326.633213861
-326.151398327
-325.571151458
-324.893683374
-324.120571126
-323.253790611
-322.295749839
-321.249326094
-320.11789891
-318.905383449
-317.616269819
-316.25565043
-314.829239699
-313.343418428
-311.805250955
-310.222404093
-308.603218429
-306.956648954
-305.292293686
-303.620217366
-301.950963558
-300.295454005
-298.664963966
-297.070831838
-295.524405878
-294.036812909
-292.618921273
-291.281236833
-290.03348819
-288.884591347
-287.842536986
-286.914175126
-286.105024052
-285.4194091
-284.860209118
-284.428770203
-284.12516427
-283.947953232
-283.894354692
-283.960501172
-284.140595338
-284.428195725
-284.816123216
-285.296075562
-285.859077896
-286.495785345
-287.196607011
-287.951630564
-288.751079588
-289.585641436
-290.445732016
-291.322038162
-292.206374927
-293.090696356
-293.96742747
-294.830032267
-295.67234038
-296.489221151
-297.27609407
-298.029221405
-298.745973939
-299.423946221
-300.061872578
-300.658746415
-301.214764101
-301.729741354
-302.204898163
-302.641736644
-303.042400798
-303.410003585
-303.747536472
-304.057983785
-304.345205135
-304.613588645
-304.867010864
-305.109606537
-305.34608931
-305.580365194
-305.816948606
-306.06013706
-306.314478105
-306.584594512
-306.874171401
-307.187230893
-307.527548538
-307.898977155
-308.304561985
-308.747349737
-309.229698493
-309.753972223
-310.321645011
-310.934315868
-311.593472978
-312.299583345
-313.052652921
-313.852633173
-314.699061585
-315.591890851
-316.529211866
-317.5094237
-318.531175628
-319.591997576
-320.689464433
-321.82055258
-322.982708326
-324.173084448
-325.387670289
-326.62364758
-327.877118146
-329.145125026
-330.424473397
-331.711126112
-333.001440578
-334.291533392
-335.57766194
-336.855421816
-338.12184383
-339.373443129
-340.607034839
-341.818740281
-343.005686479
-344.165506703
-345.295723865
-346.393736542
-347.456830468
-348.482227518
-349.467467531
-350.410029125
-351.308038621
-352.159009297
-352.960638508
-353.711465028
-354.408905195
-355.051061305
-355.636223084
-356.162902371
-356.629489869
-357.034399075
-357.376824311
-357.655018007
-357.868675605
-358.016127836
-358.097305753
-358.112434404
-358.06127843
-357.944244311
-357.76219458
-357.516594362
-357.209537034
-356.843914532
-356.423682303
-355.953018302
-355.435420148
-354.876078148
-354.280670068
-353.655812619
-353.007434069
-352.342523251
-351.668650405
-350.993490794
-350.325166967
-349.671541351
-349.040444557
-348.440362178
-347.878771041
-347.36189997
-346.895545885
-346.484223578
-346.131422949
-345.839054697
-345.607254373
-345.434555784
-345.318086528
-345.25363074
-345.235359868
-345.257065586
-345.312209294
-345.392934656
-345.49213129
-345.602841031
-345.718616648
-345.833957898
-345.944306661
-346.046066956
-346.136643186
-346.214371258
-346.278071086
-346.327161538
-346.361574002
-346.38177834
-346.38845158
-346.382680525
-346.364421897
-346.333891831
-346.291710278
-346.237709881
-346.172109361
-346.094819579
-346.005350726
-345.903753722
-345.789764569
-345.663263832
-345.523921622
-345.371706132
-345.207921292
-345.032047103
-344.844559636
-344.646436438
-344.438331475
-344.220590623
-343.994568625
-343.760747813
-343.51972754
-343.272177745
-343.018674957
-342.760095086
-342.496503046
-342.227738489
-341.953863802
-341.675460616
-341.391262612
-341.100855801
-340.803955785
-340.500676896
-340.190424632
-339.873487344
-339.550059183
-339.221156635
-338.888481022
-338.552769994
-338.217034808
-337.884272337
-337.558011821
-337.242775995
-336.943279136
-336.664866733
-336.412354552
-336.191148536
-336.006160121
-335.862365334
-335.763666016
-335.712856149
-335.711785119
-335.76089376
-335.859547655
-336.005053855
-336.193596341
-336.421239893
-336.680720145
-336.965384954
-337.267433554
-337.578906749
-337.892999492
-338.201860572
-338.499323965
-338.779812858
-339.039682905
-339.276427515
-339.48828995
-339.675757042
-339.84033188
-339.984768008
-340.112878351
-340.22992644
-340.340287857
-340.449017572
-340.561452081
-340.681378579
-340.812064282
-340.955489354
-341.111991367
-341.280460581
-341.458977233
-341.644651738
-341.833529889
-342.020820356
-342.201453494
-342.370817159
-342.523786661
-342.654906142
-342.759910855
-342.834712344
-342.876482294
-342.882384894
-342.849505576
-342.775715124
-342.659874349
-342.50110207
-342.299620604
-342.057294596
-341.776461751
-341.459082959
-341.109129919
-340.731505568
-340.332524332
-339.919698841
-339.500835619
-339.085326206
-338.683423647
-338.305622966
-337.962434717
-337.665023029
-337.423252238
-337.246404152
-337.14259975
-337.118058664
-337.176755514
-337.32099268
-337.550374518
-337.860706266
-338.246235591
-338.698977349
-339.208669623
-339.763700382
-340.351459343
-340.958946003
-341.573042956
-342.181274364
-342.77190781
-343.334673377
-343.860714902
-344.342480657
-344.774017101
-345.152307614
-345.4745743
-345.739125691
-345.945351336
-346.094360281
-346.188017607
-346.229202131
-346.220983476
-346.167124899
-346.071375652
-345.937529031
-345.768759522
-345.568872504
-345.340991454
-345.088364448
-344.814222367
-344.521095298
-344.211838401
-343.888299379
-343.552243056
-343.205776116
-342.851344619
-342.490666246
-342.124779601
-341.755482132
-341.38451324
-341.013025711
-340.642573832
-340.274580899
-339.910517907
-339.551792656
-339.199782645
-338.8555672
-338.521108442
-338.197320955
-337.885947759
-337.588084848
-337.304615988
-337.03658808
-336.784710057
-336.550422477
-336.334877608
-336.139667055
-335.966667054
-335.818057056
-335.695972666
-335.603657142
-335.54381868
-335.519756283
-335.535304971
-335.594662583
-335.702236999
-335.862580729
-336.080428192
-336.359236284
-336.702584412
-337.11380057
-337.594757256
-338.14549554
-338.765381373
-339.45271344
-340.20434711
-341.015376127
-341.879879103
-342.790701278
-343.740019385
-344.719264487
-345.719219415
-346.730141304
-347.742362876
-348.745908692
-349.731270483
-350.68908202
-351.608958095
-352.481516957
-353.298164349
-354.05074766
-354.730632846
-355.330289741
-355.843371813
-356.264267199
-356.588959723
-356.8144537
-356.939096691
-356.962522939
-356.886691232
-356.714787979
-356.451350351
-356.102149051
-355.674568352
-355.177080268
-354.619402965
-354.01166665
-353.364007736
-352.686181063
-351.987808266
-351.277825183
-350.564362886
-349.854433915
-349.154010063
-348.467921089
-347.800238958
-347.153934994
-346.531364684
-345.933933219
-345.362255122
-344.816701947
-344.29740842
-343.803400078
-343.333128618
-342.884699085
-342.455901828
-342.043950922
-341.645405675
-341.256717374
-340.873751572
-340.492491891
-340.108726002
-339.718653116
-339.317999455
-338.903423094
-338.471441938
-338.02003381
-337.547737348
-337.054069309
-336.539242232
-336.004621645
-335.452907306
-334.888070685
-334.314191022
-333.736705516
-333.162414787
-332.598562312
-332.053021789
-331.534533279
-331.052678064
-330.615907018
-330.233140548
-329.913113989
-329.664073185
-329.493042765
-329.406033389
-329.407395483
-329.499918449
-329.684533164
-329.959848821
-330.32245228
-330.7671878
-331.286855242
-331.872772967
-332.514885427
-333.202676975
-333.92468508
-334.669565982
-335.42544489
-336.181475285
-336.926951706
-337.651728725
-338.346768481
-339.004769161
-339.619467819
-340.18553256
-340.699071587
-341.157518576
-341.559844505
-341.904617485
-342.192439478
-342.424726473
-342.602924795
-342.730115523
-342.808959254
-342.842715919
-342.835406114
-342.791388142
-342.714931995
-342.609687109
-342.479867187
-342.328802303
-342.159613772
-341.975565995
-341.779886485
-341.575010006
-341.36286711
-341.145379272
-340.924761707
-340.703246173
-340.483393716
-340.267881026
-340.059961875
-339.863472161
-339.682667393
-339.522175826
-339.387047437
-339.282297139
-339.212562919
-339.182639388
-339.196544088
-339.255816731
-339.360928206
-339.512033714
-339.706436042
-339.940098778
-340.207675442
-340.502849666
-340.818538982
-341.147295195
-341.480806695
-341.811436099
-342.131714426
-342.434635602
-342.713785485
-342.963871392
-343.180647725
-343.359738153
-343.498093772
-343.593508686
-343.644962413
-343.651887801
-343.613772401
-343.530876403
-343.404209295
-343.235526668
-343.027670327
-342.782870999
-342.504636108
-342.197191398
-341.865374031
-341.514993256
-341.152090178
-340.783228134
-340.415637683
-340.056379392
-339.712308893
-339.390830531
-339.099545844
-338.845337064
-338.634677165
-338.473701763
-338.36738168
-338.320882341
-338.338351544
-338.422438571
-338.575422504
-338.799411997
-339.094833812
-339.462190061
-339.900754732
-340.408804586
-340.983342428
-341.619970383
-342.313653899
-343.058476147
-343.847234871
-344.672264032
-345.524361891
-346.394626664
-347.27404897
-348.152652308
-349.022639307
-349.874579274
-350.701015014
-351.495085245
-352.251151762
-352.964830349
-353.632139287
-354.25014613
-354.816925342
-355.331759192
-355.794604313
-356.205947658
-356.56755043
-356.880739991
-357.147780962
-357.37049358
-357.551212208
-357.69238954
-357.796589554
-357.866484442
-357.904735962
-357.913286077
-357.894618319
-357.850214948
-357.781496695
-357.689985343
-357.576113082
-357.440624527
-357.283309838
-357.104200513
-356.904198594
-356.683317198
-356.441051074
-356.176493343
-355.889405197
-355.580136341
-355.248331393
-354.893634452
-354.516389049
-354.11696517
-353.695642236
-353.253168895
-352.791098684
-352.309969357
-351.811165672
-351.296518517
-350.767871735
-350.227673658
-349.678481698
-349.123651828
-348.565127599
-348.006245559
-347.450241697
-346.90112446
-346.363137358
-345.839693385
-345.33511645
-344.853316264
-344.39743326
-343.971523447
-343.57860852
-343.221778635
-342.903896597
-342.627712133
-342.394998704
-342.207204735
-342.065631835
-341.971186965
-341.923558044
-341.922661919
-341.968076538
-342.057792918
-342.190463818
-342.362903619
-342.571878613
-342.813987546
-343.085309423
-343.38145096
-343.698022481
-344.029769375
-344.371117269
-344.716483054
-345.060024097
-345.396678383
-345.720125984
-346.024306072
-346.303677969
-346.553500678
-346.768028652
-346.942648463
-347.073195466
-347.156229081
-347.188992641
-347.16945108
-347.096078345
-346.968503623
-346.787137985
-346.553391168
-346.269651132
-345.938608699
-345.564106034
-345.150210806
-344.702683486
-344.22667746
-343.727898774
-343.212270937
-342.685874854
-342.1549
-341.626906207
-341.105626263
-340.595456639
-340.099753277
-339.621482354
-339.163043097
-338.726271149
-338.311880667
-337.920158889
-337.551203346
-337.20524019
-336.881138774
-336.578417571
-336.29685711
-336.036929118
-335.798939719
-335.582548122
-335.387990128
-335.216449566
-335.067544605
-334.941230676
-334.837344765
-334.755685208
-334.695597387
-334.655938396
-334.635424909
-334.633170175
-334.647117278
-334.675273906
-334.715931997
-334.767043564
-334.827242972
-334.894388936
-334.966666787
-335.042402282
-335.119951801
-335.197632507
-335.274117894
-335.348554515
-335.419937812
-335.486683371
-335.547948832
-335.603395587
-335.65267588
-335.694402745
-335.727995533
-335.752645984
-335.768189674
-335.774089122
-335.769472084
-335.753952467
-335.727310124
-335.689146553
-335.639576787
-335.577439007
-335.502443328
-335.414466179
-335.313519608
-335.20022556
-335.07463115
-334.936741792
-334.786817932
-334.625251675
-334.452942533
-334.270656513
-334.079559614
-333.881217843
-333.677166352
-333.469405083
-333.260354315
-333.052754952
-332.849378323
-332.653376869
-332.468095691
-332.29758133
-332.145745342
-332.017300742
-331.915842274
-331.845443291
-331.81023566
-331.81414672
-331.860846251
-331.953854148
-332.096103769
-332.28926073
-332.535141442
-332.834494344
-333.187989007
-333.594414009
-334.052789949
-334.560810067
-335.115338909
-335.713176753
-336.350320277
-337.021697833
-337.722149558
-338.445764095
-339.186099902
-339.936328539
-340.689857805
-341.439580723
-342.17872721
-342.901293527
-343.60062505
-344.270932372
-344.90668676
-345.504215838
-346.05937688
-346.568328544
-347.028312615
-347.438291048
-347.797361382
-348.104499506
-348.359734838
-348.563954519
-348.719052527
-348.826267278
-348.887663938
-348.905657442
-348.883349545
-348.82309306
-348.727649158
-348.600203653
-348.443781528
-348.260872539
-348.05490762
-347.82840632
-347.583584795
-347.323394364
-347.050961149
-346.769558402
-346.482873281
-346.193375417
-345.903877747
-345.61752541
-345.337756446
-345.068052122
-344.811660312
-344.572223522
-344.353591714
-344.158646588
-343.989083629
-343.847255611
-343.735210894
-343.654836426
-343.607075583
-343.592508042
-343.612054933
-343.666015776
-343.752561628
-343.869369888
-344.014306281
-344.184886044
-344.378319771
-344.591413777
-344.820655111
-345.06257227
-345.313948002
-345.570948902
-345.829930904
-346.087770272
-346.341602132
-346.588896333
-346.826951587
-347.054340257
-347.270261656
-347.474437907
-347.666154303
-347.846196158
-348.016255935
-348.176563147
-348.329123699
-348.475378019
-348.617377413
-348.757057515
-348.896624854
-349.038948201
-349.184856301
-349.336034465
-349.493641908
-349.658535573
-349.831116497
-350.011439124
-350.199137165
-350.393461461
-350.593087365
-350.797262453
-351.004568105
-351.211539604
-351.415839414
-351.615396035
-351.807591814
-351.990067233
-352.160346817
-352.316702637
-352.45705681
-352.57948288
-352.682737297
-352.766297837
-352.828758987
-352.869479725
-352.888029377
-352.884026572
-352.857521167
-352.808962264
-352.738680937
-352.647398376
-352.535557594
-352.403925728
-352.253129644
-352.084267277
-351.897950514
-351.69521752
-351.477032156
-351.244264069
-350.998027998
-350.739317125
-350.46919278
-350.18859722
-349.898854642
-349.600940434
-349.29641705
-348.986227637
-348.672201398
-348.356268151
-348.039784918
-347.725067666
-347.413859402
-347.108584096
-346.811407529
-346.524904288
-346.252466169
-345.995413748
-345.75680708
-345.538560374
-345.342220186
-345.169245652
-345.020806791
-344.897762407
-344.800565477
-344.728856924
-344.682153413
-344.660232028
-344.66123507
-344.683525101
-344.725759784
-344.786219961
-344.863320903
-344.955859038
-345.062826252
-345.183410902
-345.317586423
-345.465984105
-345.629584336
-345.810710722
-346.011792615
-346.234752112
-346.481741489
-346.755527217
-347.058449551
-347.391596933
-347.756286106
-348.151227717
-348.575642522
-349.026861512
-349.501869875
-349.997081896
-350.507288875
-351.027642003
-351.552622621
-352.076807072
-352.595181392
-353.102401026
-353.593780614
-354.06438554
-354.50996509
-354.926352957
-355.309829801
-355.65678979
-355.964155005
-356.228797489
-356.448148387
-356.620072285
-356.743033423
-356.815690013
-356.837086945
-356.807635143
-356.727339809
-356.597405152
-356.419001863
-356.194499597
-355.927263557
-355.621732873
-355.282030324
-354.912902129
-354.520329564
-354.110305172
-353.688847468
-353.262657479
-352.837548043
-352.419804481
-352.015569969
-351.63017959
-351.268548771
-350.935473844
-350.634880492
