-257.65787844
-257.665116472
-254.161721487
-255.951149691
-257.2549229
-255.789251111
-255.511442908
-256.612524517
-257.244665471
-257.515790541
-255.409023931
-257.599820847
-257.34819426
-257.267753514
-256.673151393
-258.127755335
-256.078198705
-258.149399298
-254.205402484
-257.579635771
-256.739712551
-256.15798253
-255.49095854
-257.066048356
-258.720005781
-255.494075135
-256.871718461
-255.885653742
-256.834096234
-257.503339459
-257.231674277
-255.650157265
-257.3409386
-254.697329383
-257.208752905
-255.46409246
-256.577173578
-255.826033271
-255.651811324
-255.817949741
-257.390192515
-254.438504156
-256.799874516
-256.161716295
-255.31901763
-256.753868019
-256.03953672
-255.568960332
-256.473469668
-258.144000432
-254.352127754
-257.024544812
-255.628096726
-257.244904719
-257.423869033
-257.316681888
-255.460260046
-256.620951046
-256.952444105
-256.419067985
-256.366966899
-256.169414184
-256.688060892
-257.006967304
-255.326142543
-256.356855507
-257.434227592
-256.089672099
-256.355213819
-255.808072489
-256.17371112
-256.104963767
-254.896622754
-255.437508852
-255.818111043
-256.132557052
-253.69598524
-255.987401023
-256.640806848
-254.587367142
-254.851733567
-256.466557255
-255.854281559
-254.601596209
-254.92618342
-254.76300777
-254.684322065
-254.359326964
-254.619391426
-255.52446586
-254.772543002
-255.263138601
-256.377235794
-253.243410219
-254.764611159
-254.715595581
-255.429253375
-253.81992499
-255.010075232
-256.1425349
-255.353057957
-252.646706431
-255.59926904
-255.097653482
-254.102036976
-254.045034411
-254.779459757
-254.703907986
-253.718551404
-254.528742657
-255.283081588
-253.985244115
-254.563174552
-253.281557224
-251.958740486
-252.346568432
-253.145535803
-252.900511879
-252.245139302
-252.461953974
-252.449769118
-250.995013731
-252.030114688
-251.642294183
-251.62686809
-250.482331193
-251.329032482
-252.236966652
-250.969152133
-251.518629373
-251.690930908
-251.644689484
-251.095924733
-251.972510876
-251.583314219
-250.001084375
-251.253832399
-251.943788717
-251.124252584
-250.226004281
-251.554169136
-252.227056946
-251.687235944
-250.969239814
-250.494317616
-252.364299405
-252.063136824
-251.783479278
-252.379989287
-250.111676995
-250.787202793
-249.662584906
-249.714821693
-250.838401979
-249.871746309
-251.227041789
-249.908851392
-250.259404842
-249.256598015
-249.72892257
-250.283668702
-250.826313787
-249.739099261
-249.515060207
-251.075238651
-250.455288368
-251.869337333
-247.370988674
-246.552468465
-246.659385448
-247.323819573
-245.80759656
-247.486822358
-245.091516089
-245.436556451
-246.205843115
-246.588440381
-244.388413943
-245.89041688
-246.855492471
-245.194352185
-246.609340484
-245.977547914
-245.913837236
-246.447722508
-246.583307019
-245.827736201
-246.92564206
-246.873520253
-246.25587803
-247.211577891
-246.11877124
-246.948866501
-248.334840995
-245.138260825
-244.79135283
-246.690071583
-245.325864228
-243.8312901
-245.474489675
-245.284103627
-243.830081248
-244.904195307
-245.578378226
-243.103062523
-244.925798087
-245.099666221
-244.278359556
-244.066176452
-242.444985507
-243.662973562
-242.900062679
-243.953407894
-242.36892564
-242.79738669
-243.570767515
-243.769689522
-242.882445151
-243.962660147
-242.156556156
-243.459225189
-243.697980892
-242.647253167
-244.350226704
-244.062016428
-243.280237757
-242.863290916
-244.08556319
-243.964354802
-243.219879678
-243.425404807
-243.370515718
-244.623106985
-242.471297359
-242.533773299
-245.204328134
-242.71957886
-241.33381725
-244.415167814
-242.662610111
-241.817328174
-243.064939379
-242.130938318
-243.34061446
-244.099296769
-241.854378723
-243.877472587
-243.705595199
-241.737074963
-242.656658051
-242.743132461
-241.679374128
-241.324132886
-242.309932735
-242.236258148
-241.684751127
-240.574599352
-242.912116083
-241.960194711
-241.917481772
-240.539001092
-240.772990332
-242.459940221
-242.599169392
-240.216497096
-241.777889547
-242.147172398
-241.535105607
-242.268060263
-242.285812222
-240.700237855
-240.902392997
-242.093139067
-242.461334561
-241.655234546
-242.222066567
-241.998513695
-241.761576569
-241.761401372
-240.233298004
-242.475833811
-241.737663447
-241.834503596
-242.067532253
-241.957030084
-243.042813503
-240.686560698
-243.289825138
-239.248314194
-241.390320187
-241.389823504
-240.542541864
-241.273963468
-240.189812218
-242.305718682
-238.725067937
-240.780781301
-242.87832504
-239.515198191
-243.045016307
-240.392933311
-242.082838213
-242.498769894
-240.598280767
-241.238604032
-241.343709801
-240.908392277
-241.534855186
-240.300581972
-241.250612073
-241.074006332
-241.044757575
-241.436733895
-240.82897443
-240.484971321
-241.993860959
-241.827953496
-240.570046406
-242.330189794
-242.737139991
-241.014903396
-242.017664683
-242.607380174
-241.861821513
-241.930496825
-242.117770892
-242.036195483
-239.568561535
-241.549228539
-242.39302829
-242.034394615
-240.481473061
-241.774538782
-243.803569027
-241.997670904
-242.625281568
-242.749426477
-242.030544909
-242.175632222
-242.646010162
-242.116512373
-240.701496407
-240.455265416
-240.047071445
-240.745369176
-240.195296145
-240.685847987
-239.360481758
-240.988024978
-241.587813815
-241.251338705
-241.222508653
-239.166180657
-241.853404288
-237.471338169
-241.263859022
-240.150281288
-238.878373527
-238.942339976
-241.270502644
-237.72435527
-241.741094505
-241.24702215
-239.527983902
-240.689367601
-239.377835708
-240.588971203
-240.393078996
-239.978778129
-240.761269057
-242.276357362
-239.45708012
-240.607649056
-242.32922041
-240.505220495
-239.134611001
-242.318532211
-241.877753777
-239.842360858
-241.318910092
-241.21362034
-241.157927026
-240.001978887
-242.078579525
-240.866392337
-241.572573046
-241.339073916
-240.990215309
-241.385139904
-242.464353547
-239.999581042
-241.822618181
-240.897952808
-241.706894229
-241.71540982
-240.85742779
-241.859856062
-240.429314995
-241.636578324
-239.116714766
-241.469750111
-241.426499158
-240.407490703
-240.628573744
-241.764137507
-240.788264201
-241.116219689
-243.2231272
-239.749903313
-241.85304799
-240.661821433
-240.854507886
-240.793889319
-241.613330783
-239.531563223
-241.311889725
-240.922204028
-240.976160743
-241.115412628
-240.360966554
-241.563822001
-239.752050396
-239.397313867
-240.61973132
-240.241377023
-239.916730746
-241.03828833
-239.3297365
-240.464766673
-237.648580318
-241.584025642
-240.107141366
-240.386311384
-239.971115416
-240.037305745
-240.423019477
-238.950265461
-241.537713723
-241.726192431
-240.345115947
-239.839620213
-241.344569562
-240.098915676
-241.245469976
-239.246204269
-240.786052517
-239.547395114
-240.06075809
-241.485450941
-239.68510178
-239.890626901
-240.442893335
-239.679225196
-240.133024806
-237.164812861
-237.895980038
-239.046909803
-235.110175897
-236.971188377
-235.618616241
-234.445734329
-235.842564844
-235.455464922
-234.960286042
-236.66504289
-235.385241006
-234.478000277
-236.249268059
-235.986795151
-235.676292816
-235.607944186
-236.330163731
-234.779751622
-236.251911066
-234.612382487
-234.660649052
-235.538389658
-235.165729047
-234.437646972
-235.122191488
-233.313154213
-234.952058354
-233.395319079
-234.43703542
-234.143406091
-234.421061758
-234.285660984
-234.234265967
-234.576949457
-234.264138053
-235.54120213
-232.338215614
-235.413037321
-233.049602293
-234.480328407
-233.524667036
-234.070840904
-233.371540741
-233.236841908
-233.572046779
-234.733175637
-233.083252735
-232.690536847
-234.341542023
-234.809592782
-233.651959262
-232.335050711
-232.128161225
-232.654037743
-232.880357929
-232.755067818
-230.076992224
-233.04984181
-231.573147978
-229.657362994
-232.6758683
-231.247381031
-231.701335668
-231.057450256
-231.519962484
-231.801773115
-231.371105675
-231.295338744
-232.268297782
-231.944879097
-230.738223601
-231.751505401
-232.516193703
-231.395434201
-231.669958185
-231.481968491
-232.478815081
-232.124190694
-231.286894933
-232.75552588
-232.499329492
-231.055025198
-233.578034808
-230.568241179
-231.358914307
-229.624925647
-230.548442387
-230.490048173
-230.178261507
-231.379352233
-229.410489108
-230.136054864
-230.73402116
-229.817955432
-229.893061738
-230.28425284
-230.584728637
-230.197530401
-229.234623381
-230.973394174
-227.985805249
-228.20087421
-228.295504486
-226.704461861
-228.252860886
-227.632752019
-225.782984653
-229.289251784
-225.509364554
-228.051469364
-228.275525876
-227.686715111
-227.314667853
-226.245707934
-227.445440586
-227.094757461
-226.938436745
-226.721899284
-227.043229504
-226.958774742
-225.126513511
-227.82179283
-225.318901208
-226.220940098
-227.805638496
-227.127857671
-226.297445028
-226.400895896
-227.217487091
-227.642165767
-227.58167702
-225.870465122
-226.843922168
-228.326517348
-225.618570702
-226.264432498
-227.678949425
-227.32740364
-225.681337682
-226.682862999
-227.516284133
-224.546808214
-228.286530997
-226.048575954
-226.954144477
-226.598550394
-227.288745131
-228.309860133
-226.192639776
-228.527068473
-225.598644633
-228.127598329
-228.043247361
-226.755652607
-227.065769842
-228.917307165
-227.820223723
-227.505490604
-227.396109776
-228.542198041
-227.865094634
-226.208560418
-229.452797986
-227.908915286
-227.252180208
-228.050091526
-227.903947311
-229.590123256
-226.77552147
-227.834567313
-228.565970354
-226.639510403
-230.447898861
-227.901466326
-228.966632217
-228.725222154
-229.952285209
-228.646391341
-228.060885918
-228.626255581
-229.224727139
-229.045771888
-228.987308471
-227.347967194
-230.875657193
-228.7719995
-231.038182829
-228.83274154
-231.086176139
-229.008052461
-233.178459151
-232.448467742
-232.350600768
-229.287576816
-231.502991191
-229.681979594
-231.872142573
-229.945111928
-231.177241625
-231.347963978
-232.034338094
-230.250521344
-231.538508889
-232.13493369
-229.466598606
-229.033461341
-228.978808754
-227.947016
-229.757726244
-227.750309786
-226.494998548
-229.340592609
-226.869707293
-228.6530814
-228.081772821
-227.748826268
-228.006979041
-228.031892647
-227.504507001
-228.435439902
-228.045885044
-229.418092167
-224.557700854
-227.511205409
-227.16756604
-222.684732591
-226.105399487
-221.190274579
-225.394729002
-217.683191943
-217.054972216
-214.990317924
-217.139189984
-216.259587374
-217.477573746
-215.537718606
-216.099948379
-215.674129785
-216.51990536
-215.870984089
-215.408894632
-217.681557489
-216.031800076
-215.149968815
-216.364006687
-216.761885933
-216.368367546
-214.014865862
-215.523052872
-217.290754972
-215.765258191
-214.279074727
-216.629737911
-215.150257907
-215.550721342
-215.265142699
-216.860791911
-215.028404321
-216.447538997
-214.825415711
-214.24279503
-213.557436024
-213.045079083
-214.123483309
-214.434222115
-213.42669232
-214.891651023
-214.996269727
-212.846502857
-213.482833888
-216.513863332
-215.206149142
-214.486520735
-213.772645948
-214.162098971
-213.470082809
-214.166646157
-214.307097994
-212.909636212
-215.39060837
-213.117383396
-212.175250016
-213.895150495
-212.297155286
-213.53727361
-212.822710276
-211.546830192
-213.832291937
-212.165661563
-214.128150783
-213.811454093
-214.215719317
-215.97287726
-213.676977502
-214.053013082
-214.835875118
-214.793229419
-213.68961784
-215.593725177
-212.936683941
-213.592082686
-214.927979996
-212.086192497
-214.29861186
-209.990992311
-214.178531672
-213.929112405
-213.292379191
-212.219973904
-213.081757488
-213.689354822
-213.964675262
-215.810036126
-214.678800819
-213.232193545
-214.533698789
-212.330540585
-214.824055486
-214.650505679
-214.957945217
-214.693912327
-214.74180233
-211.694547895
-212.653548732
-211.434144589
-212.522535813
-212.439107759
-211.858208546
-212.878420054
-211.878378451
-211.358129305
-209.099111111
-210.456363451
-213.299169976
-204.01865662
-203.549800392
-203.043024996
-202.214238396
-204.712572821
-204.422988858
-200.11574842
-201.413026421
-195.876316671
-196.94311038
-194.861951174
-194.719535045
-196.752250384
-196.599548984
-190.663925365
-191.739045286
-190.750190991
-189.465388727
-190.856332623
-188.955898127
-191.075034905
-190.239023894
-187.229970444
-190.970604203
-189.982083404
-187.408299071
-189.151317302
-188.02073275
-188.222287034
-190.320587663
-187.563021479
-185.214610322
-184.564927235
-186.593668554
-182.610336467
-179.493646494
-182.096587863
-179.310126886
-181.012257778
-180.890491042
-179.733429002
-154.057097155
-40.8962938309
9043.45411614
318682323.521
1.58245344841e+12
1.46146582936e+16
3.94241217753e+21
1.57695008168e+22
1.57692249984e+22
1.57445742317e+22
1.57664424755e+22
7.17747531666e+26
2.87094350434e+27
2.87094425047e+27
2.87094426457e+27
2.87094427978e+27
2.87095492447e+27
2.87098694259e+27
2.87098696846e+27
2.87099054782e+27
2.87100158678e+27
2.87100203564e+27
3.03111467149e+27
4.78540367328e+27
8.60807537632e+27
1.45402429151e+29
5.55805888529e+29
5.55805357209e+29
5.56202273143e+29
5.57393011397e+29
1.4027550608e+32
5.96962158024e+32
7.09562031277e+32
7.09562031329e+32
7.09562031328e+32
7.09562031328e+32
7.09562031328e+32
7.09562184727e+32
7.09562338144e+32
7.09562078148e+32
7.09562763573e+32
7.09562764156e+32
7.09562802512e+32
7.09465757323e+32
7.09435945794e+32
7.09435946082e+32
7.09435946411e+32
7.09435946395e+32
8.14208057391e+34
3.23546496969e+35
3.23546496969e+35
3.2354649697e+35
3.23546496971e+35
3.2354651257e+35
3.23546573738e+35
3.23546627631e+35
3.2354662763e+35
3.2354662763e+35
3.2354662763e+35
3.23546627632e+35
3.23546627634e+35
3.23547042315e+35
3.23548235769e+35
3.2354823577e+35
3.23548235771e+35
3.23548235771e+35
3.23548235772e+35
3.23548235771e+35
3.23548235766e+35
3.23548235763e+35
3.23548235769e+35
3.23548235772e+35
3.23548235772e+35
3.23548235777e+35
3.23548237274e+35
3.23548238775e+35
3.23548238775e+35
3.23548238775e+35
3.23548238776e+35
3.23548238776e+35
3.2379599456e+35
3.2453907378e+35
3.24539073923e+35
3.24539073891e+35
3.24539073891e+35
3.24539068122e+35
3.245390694e+35
3.24539076463e+35
3.24539076476e+35
3.2453909182e+35
3.24539107249e+35
3.24539298318e+35
3.24539490573e+35
3.24539490606e+35
3.2453949064e+35
3.24539490639e+35
3.24539465748e+35
3.2453944086e+35
3.24539440861e+35
3.24539440585e+35
3.24539440308e+35
3.24539440308e+35
3.2453944203e+35
3.24539446269e+35
6.01269551331e+35
1.43144970105e+36
1.43144970104e+36
1.43144970079e+36
nan
nan
nan
nan
nan
nan
nan
nan
nan
nan
nan
nan
nan
nan
nan
nan
nan
nan
nan
nan
nan
nan
nan
nan
nan
nan
nan
nan
nan
nan
nan
nan
nan
nan
nan
nan
nan
nan
nan
nan
nan
nan
nan
nan
nan
nan
nan
nan
nan
nan
nan
nan
nan
nan
nan
nan
nan
nan
nan
nan
nan
nan
