-257.65787844
-257.882870199
-255.71205437
-255.389517794
-257.319469252
-257.039401084
-256.071391631
-256.169842587
-256.927341242
-257.386299148
-257.690605139
-256.614840903
-257.017781041
-257.335322077
-257.293428248
-257.322408296
-256.670252889
-257.744634418
-256.687715603
-257.976808603
-256.876344672
-257.398230456
-257.908970249
-257.433849974
-257.155191184
-256.639911547
-257.35456628
-258.961944322
-257.231540751
-257.038623581
-257.784244822
-256.053686349
-257.802204564
-257.866714478
-257.581215006
-256.684559034
-258.07583297
-257.169682061
-256.46547389
-257.978361435
-257.040356732
-257.578220224
-257.168096806
-256.808397377
-257.270083136
-257.255752724
-258.269057447
-255.923174336
-257.625614143
-257.831058289
-257.172386422
-257.082612701
-257.831030471
-257.4667011
-256.760875597
-257.698615892
-257.544727708
-257.494614846
-256.960085002
-257.018030188
-257.687803591
-258.132731833
-255.764715248
-257.352463268
-257.098754612
-256.771083252
-257.178408923
-256.687000308
-257.047341015
-257.521981185
-257.128036354
-256.961270277
-256.220047182
-256.751852444
-257.296237856
-257.693759018
-256.701669267
-256.10683161
-257.304623101
-257.301405182
-257.348508832
-257.834821174
-255.148835903
-257.215171133
-257.357290972
-256.300790778
-257.347504434
-256.75893225
-256.42577977
-257.156156081
-257.268807117
-256.246857164
-256.994873972
-256.862493448
-257.529490013
-257.245654348
-256.294309387
-256.217163152
-257.488520614
-257.027192103
-256.778134046
-256.396745696
-256.447092253
-257.234262268
-256.129504151
-256.472878876
-256.834460813
-256.491154178
-256.562255482
-257.06506716
-256.602730992
-256.799705243
-256.512742062
-257.132109057
-256.221611609
-256.923044826
-256.979501401
-255.993672938
-256.497707277
-257.429972907
-256.483268808
-256.472292929
-256.735366838
-256.459599381
-256.104654657
-257.31424511
-255.671686918
-256.469521884
-256.261381082
-257.041509963
-255.688313164
-256.246483214
-256.26863316
-255.591259552
-256.020697406
-256.395481537
-255.913905352
-255.714496354
-256.370873566
-255.479560864
-255.617131238
-256.386200067
-255.784407042
-255.438450509
-256.279038961
-256.749243029
-254.536837705
-256.361918528
-256.583263616
-256.09767495
-254.42011143
-255.970880181
-255.476679805
-256.22642562
-256.066926806
-255.595480635
-255.31971634
-255.64190955
-256.225471314
-255.345302005
-256.064721238
-256.272779536
-255.43594695
-255.143770345
-256.792538375
-255.961214192
-255.293700355
-256.432698472
-255.140820066
-255.244316878
-256.01518275
-255.483404845
-256.16597742
-255.562229552
-255.822598871
-254.000143422
-256.771071369
-256.796370519
-255.149649336
-254.906887424
-256.139272581
-256.069471691
-255.796764978
-255.563525233
-255.997984413
-255.410712301
-256.233230637
-254.610476062
-256.139021518
-255.247843264
-256.018338171
-255.123734887
-255.587986062
-255.600219999
-255.77286365
-255.227112543
-255.701335291
-255.456206475
-255.255897692
-256.211877343
-255.483019327
-255.862835747
-255.222585082
-255.950733703
-255.916153033
-254.875598322
-256.117573876
-256.347947622
-254.831672626
-255.907837065
-255.532817792
-256.130485523
-255.124502758
-255.077356978
-255.712003252
-255.970962595
-255.751134439
-255.336684325
-254.951995731
-255.769151194
-255.716671517
-255.692045807
-256.373165749
-255.100725774
-254.757107548
-254.984156454
-256.227561114
-255.996385492
-255.50016426
-254.646955146
-255.260069894
-255.672609982
-255.628565608
-255.941467101
-254.615904685
-255.544071103
-255.673492331
-255.523942427
-255.597945161
-255.540819621
-255.72443915
-254.709570043
-255.817823556
-255.872542052
-255.338045745
-255.318010014
-255.673315731
-254.580660451
-255.49901573
-255.345053025
-255.285036771
-255.499307174
-255.259309591
-255.163526198
-255.027440274
-255.727104819
-255.508336646
-254.395916337
-255.910031099
-254.950522639
-255.253341449
-255.799343802
-254.568835889
-255.376177904
-254.432996993
-255.374779937
-254.543759252
-255.58660567
-254.535888394
-254.10451586
-255.232747038
-254.520626276
-255.829644635
-254.799504001
-254.188128762
-256.121468037
-254.96580213
-253.976677275
-255.652002498
-255.480318299
-254.33703138
-254.985551106
-254.592427494
-255.303429702
-255.254225426
-254.621480997
-255.424666013
-255.195634182
-254.124060677
-255.090061876
-254.758119925
-254.911053365
-255.284914165
-254.422539415
-254.269605048
-255.383805841
-255.152321729
-255.247102035
-255.075684284
-254.798612082
-255.447393771
-254.887261901
-255.234398277
-255.899041779
-254.598779508
-256.008320506
-254.29685737
-254.953588859
-254.492821202
-254.908264814
-255.193229967
-254.102988412
-254.749580054
-254.643477927
-254.852240191
-254.639019986
-254.205024002
-254.606379333
-255.352465891
-254.337145581
-254.228880189
-254.760828994
-254.432377677
-254.569252443
-255.38728225
-254.272988916
-254.630422863
-254.937782754
-255.213425615
-255.075845628
-253.812681945
-255.000648181
-254.037288398
-255.070956332
-254.327464833
-254.808130149
-254.489085278
-253.92063971
-254.98290163
-254.169887775
-255.571923762
-254.747584668
-254.282495323
-254.842385567
-255.170196693
-255.835715953
-253.887450264
-254.858853861
-254.891195191
-254.271074811
-255.356541952
-255.080501586
-254.181797737
-254.724401889
-254.166013076
-255.350765296
-255.245076345
-255.737853478
-253.59833354
-255.824111561
-256.040848691
-254.469530773
-255.110227465
-255.37877547
-255.812401656
-254.708793424
-254.637427997
-255.476867801
-255.294799094
-254.186731052
-255.971343202
-254.242663814
-255.530119623
-256.612253686
-254.587736642
-253.656395712
-255.168676708
-255.590628642
-255.087665375
-255.282066532
-254.609585473
-254.272835529
-254.645317279
-255.201706502
-254.98474993
-254.506922708
-255.331460215
-255.605985986
-254.153018761
-254.718749174
-255.054980112
-255.080128485
-254.330327254
-255.45260466
-255.28710262
-253.932265562
-255.540808974
-254.325095601
-255.26128184
-254.7005402
-254.509352761
-254.904350234
-254.539375889
-255.141097298
-254.541043894
-254.89687932
-254.772885318
-253.861604236
-254.796448744
-254.61869405
-254.798558115
-254.342983376
-254.381653329
-254.136423656
-254.68410461
-253.932443576
-254.839985436
-254.36939635
-254.640604906
-254.963461277
-254.426228092
-254.237533325
-253.844721435
-255.176260158
-254.775683874
-253.733462754
-254.177891669
-254.041610033
-254.556926193
-254.404826717
-254.205564975
-254.589054732
-254.194948996
-252.936622032
-255.241878092
-254.487563296
-254.719761902
-253.186401275
-254.91387084
-254.619960161
-254.172753167
-254.934356025
-254.877008042
-253.557909785
-253.706386437
-253.444481605
-254.031709538
-252.11421987
-253.688941099
-252.804995715
-253.398297345
-253.874703814
-252.525593422
-252.923573257
-254.341437207
-253.466564194
-252.383592687
-252.32357891
-253.702390841
-252.984259585
-252.984460585
-253.179245714
-253.048285018
-252.45214397
-252.465046295
-254.203349324
-253.301406106
-252.586979686
-252.285081721
-253.121618662
-253.227746824
-252.309198065
-252.802173741
-253.037377982
-252.190887502
-252.574543242
-252.612186968
-252.298457454
-252.742140255
-252.661759818
-252.254203642
-252.267474287
-253.145017779
-252.376702389
-253.295897456
-251.800535528
-252.798833818
-253.09773499
-252.686132002
-252.637177572
-252.281552655
-252.588018122
-252.564798123
-252.7894295
-253.538857553
-251.846309017
-252.636647544
-252.676621712
-251.767789439
-253.061171569
-252.047989736
-252.133648472
-252.76560169
-252.241803234
-252.325650351
-252.453085008
-252.120826098
-252.20079747
-252.92471904
-251.867882621
-252.587157164
-252.69789283
-252.532735458
-250.964479817
-253.615132987
-253.298431171
-252.678456823
-252.766322125
-253.142229562
-253.3594129
-252.605496046
-253.467445509
-251.168932726
-252.799247348
-252.585035413
-252.342684942
-250.940403175
-251.55695793
-252.452753923
-251.988953243
-251.222992966
-252.046393926
-251.426632755
-252.039289565
-252.244636838
-251.030098948
-251.374885666
-252.699515511
-252.418376645
-251.496371082
-251.846494594
-251.907089021
-252.651367944
-251.404950196
-252.15891523
-252.822897965
-250.098244312
-252.33517881
-251.610115975
-250.873399494
-251.424816783
-251.42784416
-251.563971922
-250.497894129
-251.314358972
-251.788552555
-250.062832978
-251.199130051
-251.749368924
-251.187107237
-251.224299995
-251.108366898
-250.574287122
-250.680996744
-251.204486594
-251.469078087
-251.107527509
-251.305348499
-251.040815355
-251.087861174
-251.069057234
-251.783219352
-250.722117783
-250.544595034
-251.693822692
-251.001545185
-250.867205147
-252.471697041
-250.432560114
-249.994737026
-251.395988603
-250.777348022
-251.80152879
-248.724525437
-251.026801664
-250.271771207
-250.522555634
-250.540080673
-250.289224191
-250.238179844
-250.324685029
-250.405424544
-249.506143268
-250.591309886
-250.518724138
-250.487713089
-249.913735439
-249.830497024
-250.993918512
-249.846945737
-250.449274648
-250.118543378
-250.65881386
-249.945231231
-249.976859269
-249.943921742
-250.175988469
-249.762516288
-250.329521185
-249.94690052
-250.653475197
-249.760689445
-249.797882579
-250.921154859
-249.395275625
-250.661353109
-250.142646948
-249.96396028
-250.908020165
-250.343776922
-249.674729999
-250.53620461
-249.413839175
-249.692068247
-249.589246963
-247.945104964
-249.852276233
-249.65895836
-249.261371778
-250.024555223
-248.690439819
-249.089915736
-249.746010365
-249.480345563
-249.13006919
-249.955655553
-248.950368919
-249.30080752
-249.246725516
-250.065917924
-250.226949109
-248.664912684
-250.112092511
-249.40499054
-249.63585126
-249.426918697
-251.568055272
-249.759925711
-250.958756616
-251.174548882
-250.498646112
-250.036634363
-250.724504697
-250.10767273
-250.156607116
-251.121701726
-249.791217777
-250.79674398
-250.396354021
-251.762622528
-250.470575236
-250.687384126
-251.646332706
-250.340184555
-250.828591025
-251.443344737
-248.829104448
-250.41938126
-250.055398475
-248.860730676
-249.742056938
-248.248702201
-247.834185078
-251.836203696
-249.497484794
-249.918141305
-250.396658392
-250.60046446
-249.888193453
-249.69446647
-250.050547864
-251.178371637
-250.563818669
-250.453589364
-249.255985839
-250.846815476
-249.354008113
-250.605818463
-250.458987012
-250.485427632
-249.747058606
-250.237770161
-250.317683368
-249.889516286
-250.76122185
-249.815315141
-249.881844437
-250.622985506
-250.259446181
-250.412037787
-251.21348605
-249.764088516
-249.261471687
-249.53894123
-249.527757085
-250.01691206
-250.184293893
-249.584408886
-248.224108444
-249.776573312
-250.106396674
-249.43329184
-250.159118924
-249.080937643
-249.789538061
-250.581224761
-249.566226486
-249.416646296
-250.050629569
-249.674423622
-249.799495224
-250.424655809
-249.209972674
-249.79306556
-249.578553503
-250.564892213
-250.0809319
-249.572737333
-250.033390463
-248.611767615
-249.922255748
-250.364024562
-249.862800301
-250.021397647
-248.399154613
-250.134605726
-249.600929711
-249.583662331
-249.036209639
-250.196789123
-249.500688901
-249.055907344
-249.657889613
-250.051355145
-249.935504215
-247.843283493
-249.411012772
-250.166793717
-249.392614114
-248.073051589
-249.743879935
-249.418841775
-248.138462788
-249.706682145
-249.426291812
-249.337125964
-249.023111263
-249.102069325
-248.641422061
-249.452652763
-249.077799695
-249.315260762
-248.821148509
-249.182528313
-249.222823873
-248.824668986
-249.464239424
-247.798924044
-249.388032804
-249.7101534
-249.124577029
-248.641521899
-249.727432849
-248.698614558
-249.629739299
-249.752638945
-248.354516108
-250.467439391
-249.160555332
-249.632111652
-248.56153944
-249.317143283
-249.585510878
-248.807591256
-249.261919542
-249.433556855
-249.371984472
-248.708428582
-249.264796849
-249.895063806
-249.043659478
-248.676436881
-249.700501287
-249.857635883
-248.678188927
-248.112204519
-250.079993147
-249.69787087
-249.481258527
-249.21564975
-249.847101347
-249.211390487
-249.455150146
-249.847796632
-248.679238901
-249.162238481
-249.476048399
-250.652804824
-249.459476793
-248.257521342
-248.919486449
-249.151777499
-248.381597748
-248.246327898
-249.80548625
-248.692410936
-248.485209813
-248.627130105
-249.60076703
-249.171150392
-249.390880682
-248.21407786
-248.778223656
-249.658595886
-249.010515176
-248.328435376
-249.614286476
-248.723035176
-249.019920472
-248.735752444
-249.063126226
-248.506921961
-248.734856334
-248.661742546
-248.792672816
-249.034874013
-248.82175229
-248.807712714
-248.948563704
-248.352068829
-248.790143108
-248.872514743
-248.983083065
-249.566257765
-248.470957956
-249.099701268
-248.900107662
-248.787757973
-249.014463939
-249.011473208
-248.804199401
-248.211871417
-249.813850447
-248.723241249
-249.375218195
-248.797937272
-248.662138372
-249.389562333
-248.393676161
-249.063458321
-249.167641967
-249.338319451
-249.13015718
-249.770353463
-249.110897082
-249.237264318
-249.91024122
-249.469366519
-248.377057145
-249.251868929
-249.642324478
-248.919761
-248.679558622
-249.304714174
-249.116473912
-248.827956377
-248.308954286
-249.855719634
-248.726882881
-249.271797863
-250.26141283
-247.366083556
-249.303352704
-250.061539767
-249.910283803
-248.915347654
-249.636791993
-249.886785015
-248.982450535
-249.194956598
-250.181965853
-249.608958385
-248.952454807
-248.362415589
-249.903223833
-249.793804955
-248.893025277
-250.842297296
-248.348728231
-250.095212693
-250.642733109
-249.870144673
-250.759271332
-249.252229365
-248.86972644
-250.622173214
-250.698131662
-249.530441133
-249.680086537
-249.573181786
-249.882510398
-249.660664655
-249.873227435
-249.099760308
-249.008725901
-250.271188295
-250.044824466
-249.906519889
-249.148998267
-249.43789412
-250.459948791
-249.621641182
-250.293193947
-250.376047108
-249.334389315
-249.550749606
-249.918907197
-250.093021955
-250.152663777
-249.046461993
-250.208069153
-250.357398633
-250.565329091
-250.9697676
-248.144338576
-249.92798458
-251.218661646
-248.937321167
-251.598054681
-247.067067339
-251.732224204
-250.548351368
-250.578709291
-250.250847421
-249.337793467
-250.925504734
-250.290848481
-250.105072488
-250.807452941
-249.382811228
-251.660679704
-250.953793432
-251.29008493
-250.350422736
-251.270427926
-250.507688585
-251.680127045
-250.632431452
-251.110765707
-250.469751997
-251.058442243
-251.227125791
-250.545313524
-250.959059301
-251.127652676
-249.930887027
-251.00176467
-250.599007698
-250.967836927
-250.365078164
-250.48016633
-251.123477544
-250.803738429
-251.689364613
-249.613924021
-250.775812516
-251.915945316
-250.66138961
-250.796188088
-251.255667822
-251.001658425
-250.441263265
-250.390016239
-251.396348389
-251.323391174
-249.991820929
-250.845226939
-250.887517957
-250.996169398
-251.316988323
-251.003470031
-249.870348161
-251.738282775
-250.991728914
-251.583475183
-250.908957119
-249.848080368
-252.240501662
-251.686429992
-251.354580979
