0 (69.888000000000034, -655.09175688057269, -585.20375688057266)
[-1.58711876 -1.58711876 -1.58711876]
1 (69.123108980025364, -655.12663508013406, -586.00352610010873)
[-1.58725347 -1.58632545 -1.58899918]
2 (65.450391310570382, -654.97128387227508, -589.52089256170473)
[-1.58745026 -1.58550743 -1.59087221]
3 (58.147847209350452, -654.66281212952731, -596.51496492017691)
[-1.58774004 -1.58463872 -1.59268315]
4 (48.790122343599215, -654.26776461144834, -605.47764226784909)
[-1.58814656 -1.5836946  -1.59437955]
5 (39.318431301034117, -653.86794087137378, -614.54950957033964)
[-1.58868394 -1.58265249 -1.59591464]
6 (31.638180418455693, -653.54404673401268, -621.90586631555698)
[-1.58935511 -1.58149246 -1.59725079]
7 (27.226846407922348, -653.35816222294648, -626.1313158150241)
[-1.59015093 -1.58019674 -1.59836246]
8 (26.853914747706671, -653.34283573096332, -626.48892098325666)
[-1.59105029 -1.57874672 -1.59923838]
9 (30.477513584807404, -653.49570358143819, -623.01818999663078)
[-1.59202186 -1.57713118 -1.59988289]
10 (37.357808611759623, -653.78589418014792, -616.42808556838827)
[-1.59302966 -1.57532806 -1.60031562]
11 (46.344992387116037, -654.16385021960264, -607.81885783248663)
[-1.59403417 -1.57333413 -1.60057032]
12 (56.222166687238285, -654.57752962269853, -598.35536293546022)
[-1.59498173 -1.57114884 -1.60069206]
13 (66.054019587471061, -654.98829491647007, -588.93427532899898)
[-1.59581854 -1.56877442 -1.60073358]
14 (75.343870705892954, -655.37485183743252, -580.03098113153953)
[-1.59649258 -1.56621488 -1.60075101]
15 (84.019104861377158, -655.73539029982203, -571.71628543844486)
[-1.59695858 -1.56347538 -1.60079985]
16 (92.486138207666428, -656.08666462840756, -563.60052642074118)
[-1.59718198 -1.56056049 -1.60093137]
17 (101.3739395382989, -656.4556614189521, -555.08172188065316)
[-1.59713167 -1.55747557 -1.60118961]
18 (111.2397867491902, -656.86533313458824, -545.62554638539802)
[-1.5968062  -1.55422521 -1.6016097 ]
19 (122.76512428828103, -657.33966219362856, -534.57453790534748)
[-1.59620973 -1.55078803 -1.60221695]
20 (136.30868281262863, -657.90700762341453, -521.59832481078593)
[-1.59535305 -1.5471663  -1.60300193]
21 (151.24094760716577, -658.5305417599883, -507.28959415282253)
[-1.59428819 -1.54336085 -1.60397119]
22 (166.67198609950546, -659.17447237493718, -492.50248627543169)
[-1.59308593 -1.53937063 -1.60511434]
23 (182.18518263778091, -659.82081580791055, -477.63563317012961)
[-1.5918316  -1.53519228 -1.6064246 ]
24 (197.89111029312406, -660.4732181306407, -462.58210783751667)
[-1.59061836 -1.53081977 -1.60789105]
25 (214.56772295923486, -661.16441745297391, -446.59669449373905)
[-1.58954408 -1.52624404 -1.60950019]
26 (233.66556954015368, -661.95502156028033, -428.28945202012665)
[-1.58870429 -1.52145382 -1.61123753]
27 (257.13551200590774, -662.92698655301842, -405.79147454711068)
[-1.58818596 -1.51643337 -1.61308903]
28 (287.17549386519431, -664.17336822552761, -376.9978743603333)
[-1.58806156 -1.51116358 -1.61504213]
29 (325.83626333607134, -665.78000168177266, -339.94373834570132)
[-1.58838384 -1.50562209 -1.61708651]
30 (374.68863407143169, -667.81367412705913, -293.12504005562744)
[-1.58918203 -1.49978349 -1.61921453]
31 (434.61901917579752, -670.31065391825496, -235.69163474245744)
[-1.59045996 -1.49361964 -1.62142132]
32 (505.78449080122073, -673.27693293278924, -167.49244213156851)
[-1.59219629 -1.48709992 -1.62370454]
33 (587.74435266664238, -676.69436008729519, -88.95000742065281)
[-1.59434701 -1.48019141 -1.62606389]
34 (679.78016525977182, -680.53089758970305, -0.75073232993122474)
[-1.59684953 -1.47285907 -1.62850035]
35 (781.17220702758902, -684.75548668212582, 96.416720345463204)
[-1.59962981 -1.4650903  -1.63101519]
36 (891.36096681087236, -689.34696868113815, 202.0139981297342)
[-1.60260431 -1.4568453  -1.63360889]
37 (1010.2036872113943, -694.29892911087222, 315.90475810052203)
[-1.60568733 -1.44808181 -1.63628001]
38 (1138.1029678810855, -699.62965731882343, 438.4733105622621)
[-1.6087959  -1.43875572 -1.63902423]
39 (1275.4847698322253, -705.35679901927824, 570.12797081294707)
[-1.61187741 -1.42882205 -1.64183356]
40 (1422.2689797648527, -711.47823619091037, 710.79074357394234)
[-1.61486505 -1.4182363  -1.64471963]
41 (1577.4292921237466, -717.95262498995658, 859.47666713378999)
[-1.61770384 -1.40695624 -1.64766569]
42 (1738.3358845450582, -724.67563174506699, 1013.6602527999912)
[-1.62035202 -1.39494395 -1.65065102]
43 (1899.9066026305441, -731.43623025187867, 1168.4703723786654)
[-1.62278172 -1.38216818 -1.65365204]
44 (2053.9778825789858, -737.89431941813348, 1316.0835631608525)
[-1.62497878 -1.36860699 -1.65664404]
45 (2189.7302709307478, -743.59426877787064, 1446.1360021528772)
[-1.62694207 -1.35425033 -1.65960321]
46 (2296.0658235897445, -748.06067020815226, 1548.0051533815922)
[-1.62868246 -1.33910288 -1.662509  ]
47 (2366.1374945005168, -750.99472890916127, 1615.1427655913556)
[-1.63022174 -1.32318687 -1.66534533]
48 (2401.0970122714389, -752.44916408525285, 1648.6478481861859)
[-1.63159209 -1.30654513 -1.66810563]
49 (2408.298825677387, -752.74721124721498, 1655.5516144301719)
[-1.63283627 -1.2892445  -1.67078486]
50 (2395.8233140475099, -752.23029175373244, 1643.5930222937775)
[-1.63400934 -1.27137872 -1.67339956]
51 (2369.9829262326202, -751.15571319945752, 1618.8272130331627)
[-1.63518217 -1.25305204 -1.67598034]
52 (2334.3253462145012, -749.68635399054017, 1584.6389922239609)
[-1.63644721 -1.23443218 -1.67855324]
53 (2287.9866495861129, -747.77422656663111, 1540.2124230194818)
[-1.63792607 -1.2157336  -1.68118084]
54 (2228.5393525165873, -745.29544787522491, 1483.2439046413624)
[-1.63977756 -1.19722431 -1.6839417 ]
55 (2158.4485092513528, -742.35121813912258, 1416.0972911122303)
[-1.64220208 -1.17923016 -1.68692925]
56 (2087.800169032847, -739.37262306995751, 1348.4275459628893)
[-1.64543579 -1.16213192 -1.69024821]
57 (2030.116425424329, -736.94337519346641, 1293.1730502308626)
[-1.64972515 -1.146349   -1.69400528]
58 (1994.6898034590185, -735.46519899941882, 1259.2246044595997)
[-1.65527616 -1.13230604 -1.69828994]
59 (1982.2574623474379, -734.96697745664142, 1247.2904848907965)
[-1.66218553 -1.12038623 -1.70314376]
60 (1985.8960849847642, -735.14123666967635, 1250.7548483150879)
[-1.67037873 -1.11088707 -1.70852914]
61 (1997.2791798073424, -735.62264911240788, 1261.6565306949346)
[-1.67958489 -1.10399648 -1.71429658]
62 (2013.6390729694315, -736.29133200480499, 1277.3477409646266)
[-1.68935746 -1.09979479 -1.72017034]
63 (2038.2233850665739, -737.30804470595467, 1300.9153403606192)
[-1.69912464 -1.09827286 -1.72574451]
64 (2072.5654374241212, -738.7535986554368, 1333.8118387686845)
[-1.7082367  -1.09935217 -1.73049416]
65 (2112.6906747547309, -740.43366503547702, 1372.2570097192538)
[-1.71602753 -1.10289456 -1.73381312]
66 (2156.136638982407, -742.22920946541285, 1413.9074295169942)
[-1.72190202 -1.10868931 -1.73512481]
67 (2203.9076860915025, -744.21720931005586, 1459.6904767814467)
[-1.72544936 -1.11641319 -1.73402292]
68 (2251.1969175826439, -746.22364573539835, 1504.9732718472455)
[-1.72653674 -1.12558697 -1.73039986]
69 (2284.4827842607278, -747.64211701363968, 1536.8406672470883)
[-1.72530849 -1.1355746  -1.72446908]
70 (2291.8287005656957, -747.9501330143213, 1543.8785675513745)
[-1.72209252 -1.14564364 -1.7166835 ]
71 (2271.0275122055014, -747.0532708344748, 1523.9742413710264)
[-1.71729291 -1.15505541 -1.70763205]
72 (2231.2378074620524, -745.34480840044364, 1485.8929990616089)
[-1.71133434 -1.1631407  -1.69799213]
73 (2188.8681325861298, -743.53648621295508, 1445.3316463731749)
[-1.70467806 -1.16936653 -1.68853749]
74 (2160.3325714065522, -742.31630062579347, 1418.0162707807588)
[-1.6978478  -1.17331315 -1.68014029]
75 (2156.571358131856, -742.14954649948697, 1414.4218116323691)
[-1.69141545 -1.17472905 -1.67367589]
76 (2180.1701446098687, -743.15343182115748, 1437.0167127887112)
[-1.68590559 -1.17359414 -1.66978815]
77 (2223.9477386580015, -745.02722008191233, 1478.9205185760893)
[-1.68164334 -1.17018622 -1.66859989]
78 (2271.5577384774665, -747.06877177250487, 1524.4889667049615)
[-1.67867604 -1.16507098 -1.66961298]
79 (2303.5841635653192, -748.44764322528101, 1555.1365203400383)
[-1.67682886 -1.15897928 -1.671906  ]
80 (2305.0442031207285, -748.52905039702694, 1556.5151527237017)
[-1.67583987 -1.15263655 -1.67446402]
81 (2270.2265093252149, -747.07349816856265, 1523.1530111566522)
[-1.67542567 -1.14662499 -1.67643328]
82 (2202.9700115783216, -744.24758690466024, 1458.7224246736614)
[-1.67529014 -1.14131155 -1.67724054]
83 (2114.0293171060339, -740.50712900381825, 1373.5221881022158)
[-1.67511839 -1.13682098 -1.67660709]
84 (2020.0333622987007, -736.54759072656236, 1283.4857715721382)
[-1.67459948 -1.13313325 -1.67449869]
85 (1941.3713678328068, -733.22640233026164, 1208.1449655025451)
[-1.6734796  -1.13014167 -1.67104983]
86 (1895.3046463791673, -731.29310377614058, 1164.0115426030266)
[-1.67161923 -1.12772884 -1.66649066]
87 (1888.6247430671524, -731.02940453880069, 1157.5953385283517)
[-1.66902324 -1.12581443 -1.66108988]
88 (1919.0977961077524, -732.3053102234926, 1186.7924858842598)
[-1.6658294  -1.12436731 -1.65511486]
89 (1982.7447169793797, -734.96096485632017, 1247.7837521230595)
[-1.66226512 -1.12339099 -1.64880576]
90 (2074.3507594699604, -738.80291815298847, 1335.5478413169719)
[-1.6585951  -1.12289841 -1.64236194]
91 (2181.8174338088802, -743.33166096884042, 1438.4857728400398)
[-1.65508115 -1.12289046 -1.63593994]
92 (2284.3097495841489, -747.66170899513747, 1536.6480405890115)
[-1.65196116 -1.12334546 -1.62966089]
93 (2358.020032152484, -750.7784094109478, 1607.241622741536)
[-1.64944926 -1.12421921 -1.62362378]
94 (2384.6361269669728, -751.9063559146756, 1632.7297710522971)
[-1.64774149 -1.12545112 -1.6179207 ]
95 (2356.808868028189, -750.73550388449064, 1606.0733641436982)
[-1.64702382 -1.12697149 -1.61265087]
96 (1152635.3321892289, 2336.4518967572494, 1154971.7840859862)
[-1.64747622 -1.12870657 -1.60793136]
97 (1211108534660469.0, 45775140.362953208, 1211108580435609.2)
[-1.64927802 -1.13057804 -1.60388606]
98 (4844363401673669.0, 21677.114560777609, 4844363401695346.0)
[-1.65257952 -1.13250734 -1.60066701]
99 (7219781879016328.0, 73188166.101084098, 7219781952204494.0)
[-1.65748841 -1.13442201 -1.59849177]
100 (23802534564185616.0, 127458308.98617965, 23802534691643924.0)
[-1.66273905 -1.1341072  -1.59634772]
101 (5.883930933833845e+27, 32810684381567.195, 5.883930933833878e+27)
[-1.79205867 -0.94125068 -1.50571612]
102 (2.3892697123873191e+28, 9002011251059.2539, 2.38926971238732e+28)
[-1.84280462 -0.77612722 -1.4367587 ]
103 (2.4963618038476887e+28, 710352818.06721067, 2.4963618038476887e+28)
[ 1.90451249  2.04784842  0.44038342]
104 (2.4963628379483067e+28, 382688868.30832177, 2.4963628379483067e+28)
[ 1.05614165  0.68041262  0.36622449]
105 (2.4963636842578394e+28, 343452832.71982861, 2.4963636842578394e+28)
[ 0.4456664   1.66078604  1.98335519]
106 (2.4963635089649211e+28, 59709658.667492412, 2.4963635089649211e+28)
[ 1.27820264  1.68200115  1.31072659]
107 (6.3596388705834661e+33, 19990730666448964.0, 6.3596388705834661e+33)
[ 1.9046546   1.54791099  0.33634638]
108 (2.5438480593823492e+34, 41615261828.401733, 2.5438480593823492e+34)
[ 0.72353384  0.07926012  0.82471549]
109 (2.5438480593833481e+34, 15705625980.134796, 2.5438480593833481e+34)
[ 1.57256214  2.03573398  1.90948605]
110 (2.5438480594019134e+34, 220575270337.90625, 2.5438480594019134e+34)
[ 1.38620854  0.21704919  2.01492674]
111 (2.5438480593835565e+34, 20259062.868129715, 2.5438480593835565e+34)
[ 0.8907509   0.52412817  1.49876149]
112 (2.5438480593236669e+34, 699810529.50080252, 2.5438480593236669e+34)
[ 0.53549308  0.16945738  0.42566528]
113 (2.5438480548947775e+34, 992331762.22143841, 2.5438480548947775e+34)
[ 0.37077651  1.42962909  2.03955213]
114 (2.5438480504659448e+34, 22652889965.635735, 2.5438480504659448e+34)
[ 1.13672831  1.09573346  1.78534767]
115 (2.5438480504661763e+34, 8730321.0901714377, 2.5438480504661763e+34)
[ 2.01316866  1.72089736  0.79923478]
116 (2.5438480504661072e+34, 1809608671.5753331, 2.5438480504661072e+34)
[ 0.06585945  1.39144251  0.24594391]
117 (2.543848050467481e+34, 3149073393.1724448, 2.543848050467481e+34)
[ 0.21314376  0.82638658  2.01983574]
118 (2.5438555611342022e+34, 624178448753.74963, 2.5438555611342022e+34)
[ 0.38059971  0.24406697  1.73412043]
119 (2.5438630708337635e+34, 39713557767.815941, 2.5438630708337635e+34)
[ 1.36010018  1.59185798  0.74488254]
120 (2.5438630696572869e+34, 216019140550.03842, 2.5438630696572869e+34)
[ 0.53886785  0.90102964  1.12966045]
121 (2.5438630731695543e+34, 3116917348546.6504, 2.5438630731695543e+34)
[ 0.49748609  0.23735179  0.37644235]
122 (2.5438630835588745e+34, 23278566.381511759, 2.5438630835588745e+34)
[ 1.49809222  1.72890711  0.32389019]
123 (2.5438630835213469e+34, 1300363419.5224557, 2.5438630835213469e+34)
[ 1.36472218  1.72086768  1.95098849]
124 (2.5438637495843726e+34, 34742905948820.645, 2.5438637495843726e+34)
[ 2.10658615  1.42125185  1.04546451]
125 (2.5438657480379871e+34, 986308775133.42603, 2.5438657480379871e+34)
[ 1.12345601  1.03613703  1.14436599]
126 (2.5438657488255755e+34, 291100097455.1377, 2.5438657488255755e+34)
[ 0.16985696  0.68503563  1.25630266]
127 (2.5438657485030748e+34, 45723261966.204407, 2.5438657485030748e+34)
[ 0.44141785  0.85900732  0.25775972]
128 (2.6134125694590166e+34, 7198124316235301.0, 2.6134125694590166e+34)
[ 1.01873982  0.31518797  1.59169826]
129 (2.8220530291287129e+34, 119818106.01962617, 2.8220530291287129e+34)
[ 0.96820805  1.75336948  0.00727164]
130 (2.8220530295336097e+34, 76212084.430936128, 2.8220530295336097e+34)
[ 0.91735801  1.07206518  0.57520623]
131 (2.8220530295333053e+34, 7739374.0023596203, 2.8220530295333053e+34)
[ 1.57393171  0.84340503  1.37962524]
132 (2.8220530295346473e+34, 41701338.167055875, 2.8220530295346473e+34)
[ 0.82302609  0.08191388  1.52113568]
133 (2.8220530294970422e+34, 189860805325.15552, 2.8220530294970422e+34)
[ 1.83946157  1.9293815   0.4802868 ]
134 (2.8247069836916926e+34, 1594341973398082.7, 2.8247069836916926e+34)
[ 0.62507374  1.79617946  1.54380846]
135 (2.8326688463907188e+34, 113002672326.70323, 2.8326688463907188e+34)
[ 1.46103992  1.63357264  0.46354872]
136 (2.832668846391578e+34, 2790855557.7189445, 2.832668846391578e+34)
[ 1.17643896  0.35901294  1.21499262]
137 (2.8326688463833272e+34, 162268473.73717403, 2.8326688463833272e+34)
[ 1.10199273  1.60797043  0.34671029]
138 (2.8326688465427666e+34, 1340214077160.655, 2.8326688465427666e+34)
[ 1.13822708  2.09169913  0.76723187]
139 (2.8326688476277155e+34, 5417795568.6617136, 2.8326688476277155e+34)
[ 1.19594466  0.46196147  1.1993982 ]
140 (2.8326688475491227e+34, 28419848.098422147, 2.8326688475491227e+34)
[ 1.25083495  0.95148041  1.63398668]
141 (2.8326688475533189e+34, 23285889825.514984, 2.8326688475533189e+34)
[ 0.19370375  0.33315578  0.55324221]
142 (2.8326688475570138e+34, 94873509.470750704, 2.8326688475570138e+34)
[ 1.01010259  0.9372658   1.95788272]
143 (2.832668847554499e+34, 32161731357.947449, 2.832668847554499e+34)
[ 0.10804858  0.11547597  0.85315636]
144 (2.8326892025175064e+34, 2584282201517.8477, 2.8326892025175064e+34)
[ 1.27648332  1.18013057  1.78967957]
145 (2.8327095608879835e+34, 2061343.2288703334, 2.8327095608879835e+34)
[ 0.98301245  0.51516246  0.87244987]
146 (2.8327095608807395e+34, 280688194.51010692, 2.8327095608807395e+34)
[ 1.24649952  1.80701418  2.11387353]
147 (2.8327095608726598e+34, 499649312.80585712, 2.8327095608726598e+34)
[ 1.51528344  0.96900999  1.24560887]
148 (2.8328338866421143e+34, 402968048370610.81, 2.8328338866421143e+34)
[ 0.14918174  0.23130205  0.31444355]
149 (2.8332172600891953e+34, 803673995663.60132, 2.8332172600891953e+34)
[ 0.64890322  0.9482191   1.15026532]
150 (2.8332066821804781e+34, 7160999079.6862268, 2.8332066821804781e+34)
[ 1.7308658   0.36713996  0.63536075]
151 (2.8332066756169357e+34, 1185338276.8716075, 2.8332066756169357e+34)
[ 1.90597485  0.97639064  0.84896034]
152 (2.8332066756163841e+34, 5159369414.8720064, 2.8332066756163841e+34)
[ 0.56321737  0.42427499  0.10527425]
153 (2.8332066757844847e+34, 587668037.56317604, 2.8332066757844847e+34)
[ 1.97724058  0.06466922  0.63853264]
154 (2.8332066760127433e+34, 43740544.58401037, 2.8332066760127433e+34)
[ 1.26304706  1.80452277  1.15909849]
155 (2.8332066765122143e+34, 1239179411922.478, 2.8332066765122143e+34)
[ 0.73908785  1.23418219  1.49313985]
156 (2.8332066508288918e+34, 20556716469.591854, 2.8332066508288918e+34)
[ 1.40946484  0.982874    0.86777698]
157 (2.8332066237675584e+34, 15591221.341916272, 2.8332066237675584e+34)
[ 1.99423468  0.71801413  0.19496555]
158 (3.0486045994676784e+34, 12128817348249156.0, 3.0486045994676784e+34)
[ 1.05434716  1.29783046  0.93835514]
159 (3.6947985360280803e+34, 18658034205.228367, 3.6947985360280803e+34)
[ 0.01022127  1.00987403  1.11347154]
160 (3.694798533128622e+34, 929990778.26424754, 3.694798533128622e+34)
[ 0.93429944  0.17055683  1.89974206]
161 (3.6947985302122097e+34, 8013173965.7441597, 3.6947985302122097e+34)
[ 1.70538758  1.69294833  0.98667948]
162 (3.6947986104434191e+34, 13010487177901.227, 3.6947986104434191e+34)
[ 1.65403575  1.30427379  1.56466199]
163 (3.69479884906876e+34, 10883237451.24979, 3.69479884906876e+34)
[ 1.15276293  0.66418649  1.22565624]
164 (3.6947988492703437e+34, 441220258.35796875, 3.6947988492703437e+34)
[ 2.06069022  1.31333337  1.96406347]
165 (3.6948030682417686e+34, 648673946550.46436, 3.6948030682417686e+34)
[ 1.02869753  0.93096209  1.19367615]
166 (3.6948072515221771e+34, 393279529277.15692, 3.6948072515221771e+34)
[ 0.31287244  0.22285012  0.17908032]
167 (3.6948072021700674e+34, 3102533856034.9468, 3.6948072021700674e+34)
[ 1.63302813  1.44305324  1.02767203]
168 (3.6948071950968133e+34, 123708355188.94292, 3.6948071950968133e+34)
[-2.01844406 -1.78292081  1.028301  ]
169 (3.6954237365637544e+34, 814497097301439.37, 3.6954237365637544e+34)
[-0.50929371 -1.54891193  1.21861655]
170 (3.6973834894781238e+34, 20794086740796.824, 3.6973834894781238e+34)
[-1.32497412 -1.45383459  1.12274218]
171 (3.697490299241047e+34, 229743495.7606186, 3.697490299241047e+34)
[-0.5399659  -0.75964075  0.68070003]
172 (3.6974902999303128e+34, 30889650938.758293, 3.6974902999303128e+34)
[-1.78681576 -0.66354993  1.47028279]
173 (3.6974903000212963e+34, 426154035.63752174, 3.6974903000212963e+34)
[-0.99458861 -1.74609709  0.52900186]
174 (3.6974903000217727e+34, 822938067.08814657, 3.6974903000217727e+34)
[-1.42851523 -1.50626069  1.30084279]
175 (3.6974902987419851e+34, 1606318864627.1655, 3.6974902987419851e+34)
[-1.93206516 -2.07680404  0.58235833]
176 (3.6974902991679771e+34, 1067587054531.2241, 3.6974902991679771e+34)
[-1.62543944 -1.8260265   0.18334398]
177 (3.6974886321189969e+34, 5471555736175.7031, 3.6974886321189969e+34)
[-0.51351726 -0.43200549  1.17979628]
178 (3.6974869833739133e+34, 22248848627.70364, 3.6974869833739133e+34)
[-1.26276347 -2.02776149  0.16712978]
179 (3.6974869834685382e+34, 3746495011.0096736, 3.6974869834685382e+34)
[-0.22018731 -0.64520925  2.02882984]
180 (3.6974869836537296e+34, 1483667081.5082009, 3.6974869836537296e+34)
[-1.78724286 -2.02455553  0.03959227]
181 (3.6974869835704315e+34, 671035210.20651245, 3.6974869835704315e+34)
[-1.78641409 -1.98127177  0.28617555]
182 (3.6974869834515257e+34, 709482150.03225553, 3.6974869834515257e+34)
[-0.7593016  -1.81750467  1.11746472]
183 (3.697486983430055e+34, 59508659409.378708, 3.697486983430055e+34)
[-0.7767075  -1.07960048  1.68451971]
184 (3.6974868536445588e+34, 12398855197.785328, 3.6974868536445588e+34)
[-0.98027703 -0.4840402   2.09265628]
185 (3.6974851401064096e+34, 3891650414461.0894, 3.6974851401064096e+34)
[-1.39504752 -2.07661584  0.7350316 ]
186 (3.6974835806198918e+34, 13729143975.759844, 3.6974835806198918e+34)
[-1.84103146 -1.51837179  1.51586619]
187 (2.579263160154056e+39, 7.7475322951010263e+18, 2.579263160154056e+39)
[-0.17704669 -0.98002675  0.16344428]
188 (nan, nan, nan)
[-0.96561295 -1.79374614  0.5867871 ]
189 (nan, nan, nan)
[-0.20848504 -1.46417043  1.61062521]
190 (nan, nan, nan)
[ nan  nan  nan]
191 (nan, nan, nan)
[ nan  nan  nan]
192 (nan, nan, nan)
[ nan  nan  nan]
193 (nan, nan, nan)
[ nan  nan  nan]
194 (nan, nan, nan)
[ nan  nan  nan]
195 (nan, nan, nan)
[ nan  nan  nan]
196 (nan, nan, nan)
[ nan  nan  nan]
197 (nan, nan, nan)
[ nan  nan  nan]
198 (nan, nan, nan)
[ nan  nan  nan]
199 (nan, nan, nan)
[ nan  nan  nan]
200 (nan, nan, nan)
[ nan  nan  nan]
201 (nan, nan, nan)
[ nan  nan  nan]
202 (nan, nan, nan)
[ nan  nan  nan]
203 (nan, nan, nan)
[ nan  nan  nan]
204 (nan, nan, nan)
[ nan  nan  nan]
205 (nan, nan, nan)
[ nan  nan  nan]
206 (nan, nan, nan)
[ nan  nan  nan]
207 (nan, nan, nan)
[ nan  nan  nan]
208 (nan, nan, nan)
[ nan  nan  nan]
209 (nan, nan, nan)
[ nan  nan  nan]
210 (nan, nan, nan)
[ nan  nan  nan]
211 (nan, nan, nan)
[ nan  nan  nan]
212 (nan, nan, nan)
[ nan  nan  nan]
213 (nan, nan, nan)
[ nan  nan  nan]
214 (nan, nan, nan)
[ nan  nan  nan]
215 (nan, nan, nan)
[ nan  nan  nan]
216 (nan, nan, nan)
[ nan  nan  nan]
217 (nan, nan, nan)
[ nan  nan  nan]
218 (nan, nan, nan)
[ nan  nan  nan]
219 (nan, nan, nan)
[ nan  nan  nan]
220 (nan, nan, nan)
[ nan  nan  nan]
221 (nan, nan, nan)
[ nan  nan  nan]
222 (nan, nan, nan)
[ nan  nan  nan]
223 (nan, nan, nan)
[ nan  nan  nan]
224 (nan, nan, nan)
[ nan  nan  nan]
225 (nan, nan, nan)
[ nan  nan  nan]
226 (nan, nan, nan)
[ nan  nan  nan]
227 (nan, nan, nan)
[ nan  nan  nan]
228 (nan, nan, nan)
[ nan  nan  nan]
229 (nan, nan, nan)
[ nan  nan  nan]
230 (nan, nan, nan)
[ nan  nan  nan]
231 (nan, nan, nan)
[ nan  nan  nan]
232 (nan, nan, nan)
[ nan  nan  nan]
233 (nan, nan, nan)
[ nan  nan  nan]
234 (nan, nan, nan)
[ nan  nan  nan]
235 (nan, nan, nan)
[ nan  nan  nan]
236 (nan, nan, nan)
[ nan  nan  nan]
237 (nan, nan, nan)
[ nan  nan  nan]
238 (nan, nan, nan)
[ nan  nan  nan]
239 (nan, nan, nan)
[ nan  nan  nan]
240 (nan, nan, nan)
[ nan  nan  nan]
241 (nan, nan, nan)
[ nan  nan  nan]
242 (nan, nan, nan)
[ nan  nan  nan]
243 (nan, nan, nan)
[ nan  nan  nan]
244 (nan, nan, nan)
[ nan  nan  nan]
245 (nan, nan, nan)
[ nan  nan  nan]
246 (nan, nan, nan)
[ nan  nan  nan]
247 (nan, nan, nan)
[ nan  nan  nan]
248 (nan, nan, nan)
[ nan  nan  nan]
249 (nan, nan, nan)
[ nan  nan  nan]
250 (nan, nan, nan)
[ nan  nan  nan]
251 (nan, nan, nan)
[ nan  nan  nan]
252 (nan, nan, nan)
[ nan  nan  nan]
253 (nan, nan, nan)
[ nan  nan  nan]
254 (nan, nan, nan)
[ nan  nan  nan]
255 (nan, nan, nan)
[ nan  nan  nan]
256 (nan, nan, nan)
[ nan  nan  nan]
257 (nan, nan, nan)
[ nan  nan  nan]
258 (nan, nan, nan)
[ nan  nan  nan]
259 (nan, nan, nan)
[ nan  nan  nan]
260 (nan, nan, nan)
[ nan  nan  nan]
261 (nan, nan, nan)
[ nan  nan  nan]
262 (nan, nan, nan)
[ nan  nan  nan]
263 (nan, nan, nan)
[ nan  nan  nan]
264 (nan, nan, nan)
[ nan  nan  nan]
265 (nan, nan, nan)
[ nan  nan  nan]
266 (nan, nan, nan)
[ nan  nan  nan]
267 (nan, nan, nan)
[ nan  nan  nan]
268 (nan, nan, nan)
[ nan  nan  nan]
269 (nan, nan, nan)
[ nan  nan  nan]
270 (nan, nan, nan)
[ nan  nan  nan]
271 (nan, nan, nan)
[ nan  nan  nan]
272 (nan, nan, nan)
[ nan  nan  nan]
273 (nan, nan, nan)
[ nan  nan  nan]
274 (nan, nan, nan)
[ nan  nan  nan]
275 (nan, nan, nan)
[ nan  nan  nan]
276 (nan, nan, nan)
[ nan  nan  nan]
277 (nan, nan, nan)
[ nan  nan  nan]
278 (nan, nan, nan)
[ nan  nan  nan]
279 (nan, nan, nan)
[ nan  nan  nan]
280 (nan, nan, nan)
[ nan  nan  nan]
281 (nan, nan, nan)
[ nan  nan  nan]
282 (nan, nan, nan)
[ nan  nan  nan]
283 (nan, nan, nan)
[ nan  nan  nan]
284 (nan, nan, nan)
[ nan  nan  nan]
285 (nan, nan, nan)
[ nan  nan  nan]
286 (nan, nan, nan)
[ nan  nan  nan]
287 (nan, nan, nan)
[ nan  nan  nan]
288 (nan, nan, nan)
[ nan  nan  nan]
289 (nan, nan, nan)
[ nan  nan  nan]
290 (nan, nan, nan)
[ nan  nan  nan]
291 (nan, nan, nan)
[ nan  nan  nan]
292 (nan, nan, nan)
[ nan  nan  nan]
293 (nan, nan, nan)
[ nan  nan  nan]
294 (nan, nan, nan)
[ nan  nan  nan]
295 (nan, nan, nan)
[ nan  nan  nan]
296 (nan, nan, nan)
[ nan  nan  nan]
297 (nan, nan, nan)
[ nan  nan  nan]
298 (nan, nan, nan)
[ nan  nan  nan]
299 (nan, nan, nan)
[ nan  nan  nan]
300 (nan, nan, nan)
[ nan  nan  nan]
301 (nan, nan, nan)
[ nan  nan  nan]
302 (nan, nan, nan)
[ nan  nan  nan]
303 (nan, nan, nan)
[ nan  nan  nan]
304 (nan, nan, nan)
[ nan  nan  nan]
305 (nan, nan, nan)
[ nan  nan  nan]
306 (nan, nan, nan)
[ nan  nan  nan]
307 (nan, nan, nan)
[ nan  nan  nan]
308 (nan, nan, nan)
[ nan  nan  nan]
309 (nan, nan, nan)
[ nan  nan  nan]
310 (nan, nan, nan)
[ nan  nan  nan]
311 (nan, nan, nan)
[ nan  nan  nan]
312 (nan, nan, nan)
[ nan  nan  nan]
313 (nan, nan, nan)
[ nan  nan  nan]
314 (nan, nan, nan)
[ nan  nan  nan]
315 (nan, nan, nan)
[ nan  nan  nan]
316 (nan, nan, nan)
[ nan  nan  nan]
317 (nan, nan, nan)
[ nan  nan  nan]
318 (nan, nan, nan)
[ nan  nan  nan]
319 (nan, nan, nan)
[ nan  nan  nan]
320 (nan, nan, nan)
[ nan  nan  nan]
321 (nan, nan, nan)
[ nan  nan  nan]
322 (nan, nan, nan)
[ nan  nan  nan]
323 (nan, nan, nan)
[ nan  nan  nan]
324 (nan, nan, nan)
[ nan  nan  nan]
325 (nan, nan, nan)
[ nan  nan  nan]
326 (nan, nan, nan)
[ nan  nan  nan]
327 (nan, nan, nan)
[ nan  nan  nan]
328 (nan, nan, nan)
[ nan  nan  nan]
329 (nan, nan, nan)
[ nan  nan  nan]
330 (nan, nan, nan)
[ nan  nan  nan]
331 (nan, nan, nan)
[ nan  nan  nan]
332 (nan, nan, nan)
[ nan  nan  nan]
333 (nan, nan, nan)
[ nan  nan  nan]
334 (nan, nan, nan)
[ nan  nan  nan]
335 (nan, nan, nan)
[ nan  nan  nan]
336 (nan, nan, nan)
[ nan  nan  nan]
337 (nan, nan, nan)
[ nan  nan  nan]
338 (nan, nan, nan)
[ nan  nan  nan]
339 (nan, nan, nan)
[ nan  nan  nan]
340 (nan, nan, nan)
[ nan  nan  nan]
341 (nan, nan, nan)
[ nan  nan  nan]
342 (nan, nan, nan)
[ nan  nan  nan]
343 (nan, nan, nan)
[ nan  nan  nan]
344 (nan, nan, nan)
[ nan  nan  nan]
345 (nan, nan, nan)
[ nan  nan  nan]
346 (nan, nan, nan)
[ nan  nan  nan]
347 (nan, nan, nan)
[ nan  nan  nan]
348 (nan, nan, nan)
[ nan  nan  nan]
349 (nan, nan, nan)
[ nan  nan  nan]
350 (nan, nan, nan)
[ nan  nan  nan]
351 (nan, nan, nan)
[ nan  nan  nan]
352 (nan, nan, nan)
[ nan  nan  nan]
353 (nan, nan, nan)
[ nan  nan  nan]
354 (nan, nan, nan)
[ nan  nan  nan]
355 (nan, nan, nan)
[ nan  nan  nan]
356 (nan, nan, nan)
[ nan  nan  nan]
357 (nan, nan, nan)
[ nan  nan  nan]
358 (nan, nan, nan)
[ nan  nan  nan]
359 (nan, nan, nan)
[ nan  nan  nan]
360 (nan, nan, nan)
[ nan  nan  nan]
361 (nan, nan, nan)
[ nan  nan  nan]
362 (nan, nan, nan)
[ nan  nan  nan]
363 (nan, nan, nan)
[ nan  nan  nan]
364 (nan, nan, nan)
[ nan  nan  nan]
365 (nan, nan, nan)
[ nan  nan  nan]
366 (nan, nan, nan)
[ nan  nan  nan]
367 (nan, nan, nan)
[ nan  nan  nan]
368 (nan, nan, nan)
[ nan  nan  nan]
369 (nan, nan, nan)
[ nan  nan  nan]
370 (nan, nan, nan)
[ nan  nan  nan]
371 (nan, nan, nan)
[ nan  nan  nan]
372 (nan, nan, nan)
[ nan  nan  nan]
373 (nan, nan, nan)
[ nan  nan  nan]
374 (nan, nan, nan)
[ nan  nan  nan]
375 (nan, nan, nan)
[ nan  nan  nan]
376 (nan, nan, nan)
[ nan  nan  nan]
377 (nan, nan, nan)
[ nan  nan  nan]
378 (nan, nan, nan)
[ nan  nan  nan]
379 (nan, nan, nan)
[ nan  nan  nan]
380 (nan, nan, nan)
[ nan  nan  nan]
381 (nan, nan, nan)
[ nan  nan  nan]
382 (nan, nan, nan)
[ nan  nan  nan]
383 (nan, nan, nan)
[ nan  nan  nan]
384 (nan, nan, nan)
[ nan  nan  nan]
385 (nan, nan, nan)
[ nan  nan  nan]
386 (nan, nan, nan)
[ nan  nan  nan]
387 (nan, nan, nan)
[ nan  nan  nan]
388 (nan, nan, nan)
[ nan  nan  nan]
389 (nan, nan, nan)
[ nan  nan  nan]
390 (nan, nan, nan)
[ nan  nan  nan]
391 (nan, nan, nan)
[ nan  nan  nan]
392 (nan, nan, nan)
[ nan  nan  nan]
393 (nan, nan, nan)
[ nan  nan  nan]
394 (nan, nan, nan)
[ nan  nan  nan]
395 (nan, nan, nan)
[ nan  nan  nan]
396 (nan, nan, nan)
[ nan  nan  nan]
397 (nan, nan, nan)
[ nan  nan  nan]
398 (nan, nan, nan)
[ nan  nan  nan]
399 (nan, nan, nan)
[ nan  nan  nan]
400 (nan, nan, nan)
[ nan  nan  nan]
401 (nan, nan, nan)
[ nan  nan  nan]
402 (nan, nan, nan)
[ nan  nan  nan]
403 (nan, nan, nan)
[ nan  nan  nan]
404 (nan, nan, nan)
[ nan  nan  nan]
405 (nan, nan, nan)
[ nan  nan  nan]
406 (nan, nan, nan)
[ nan  nan  nan]
407 (nan, nan, nan)
[ nan  nan  nan]
408 (nan, nan, nan)
[ nan  nan  nan]
409 (nan, nan, nan)
[ nan  nan  nan]
410 (nan, nan, nan)
[ nan  nan  nan]
411 (nan, nan, nan)
[ nan  nan  nan]
412 (nan, nan, nan)
[ nan  nan  nan]
413 (nan, nan, nan)
[ nan  nan  nan]
414 (nan, nan, nan)
[ nan  nan  nan]
415 (nan, nan, nan)
[ nan  nan  nan]
416 (nan, nan, nan)
[ nan  nan  nan]
417 (nan, nan, nan)
[ nan  nan  nan]
418 (nan, nan, nan)
[ nan  nan  nan]
419 (nan, nan, nan)
[ nan  nan  nan]
420 (nan, nan, nan)
[ nan  nan  nan]
421 (nan, nan, nan)
[ nan  nan  nan]
422 (nan, nan, nan)
[ nan  nan  nan]
423 (nan, nan, nan)
[ nan  nan  nan]
424 (nan, nan, nan)
[ nan  nan  nan]
425 (nan, nan, nan)
[ nan  nan  nan]
426 (nan, nan, nan)
[ nan  nan  nan]
427 (nan, nan, nan)
[ nan  nan  nan]
428 (nan, nan, nan)
[ nan  nan  nan]
429 (nan, nan, nan)
[ nan  nan  nan]
