0 (69.888000000000034, -327.54587844028083, -257.6578784402808)
1 (58.87437972653013, -316.75724992511198, -257.88287019858183)
2 (35.406180605841264, -291.11823497571032, -255.71205436986907)
3 (26.930814467530041, -282.32033226181204, -255.389517794282)
4 (37.453405507730587, -294.77287476002931, -257.31946925229875)
5 (45.186649653808857, -302.2260507377128, -257.03940108390395)
6 (49.400405797719628, -305.47179742904683, -256.07139163132717)
7 (61.327829490049275, -317.49767207717969, -256.1698425871304)
8 (80.108033700776645, -337.0353749425812, -256.92734124180458)
9 (95.186936183820407, -352.57323533151964, -257.38629914769922)
10 (98.436388389657452, -356.12699352888126, -257.69060513922381)
11 (90.480985730432124, -347.09582663339637, -256.61484090296426)
12 (87.172779797856577, -344.19056083871425, -257.0177810408577)
13 (88.274948148561435, -345.61027022584852, -257.33532207728706)
14 (85.883165759741729, -343.17659400747311, -257.29342824773141)
15 (81.863291620018416, -339.18569991599918, -257.32240829598078)
16 (78.302013719840346, -334.97226660872656, -256.67025288888624)
17 (79.985762110206991, -337.73039652806892, -257.7446344178619)
18 (80.868520101758307, -337.55623570449285, -256.68771560273456)
19 (82.790112985337288, -340.76692158846464, -257.97680860312732)
20 (79.032014365604851, -335.908359037965, -256.87634467236012)
21 (81.882642747418458, -339.28087320301842, -257.39823045559996)
22 (88.108429849371845, -346.01740009865421, -257.90897024928233)
23 (84.433230830454647, -341.86708080468952, -257.43384997423487)
24 (77.824942438866927, -334.98013362300929, -257.15519118414238)
25 (75.790891238529269, -332.43080278535206, -256.63991154682276)
26 (86.431040819433662, -343.78560709935431, -257.35456627992062)
27 (98.093330874471974, -357.05527519680641, -258.96194432233443)
28 (92.376277054526923, -349.6078178057366, -257.23154075120965)
29 (83.347050318648229, -340.38567389955529, -257.03862358090703)
30 (76.950579424200058, -334.7348242462752, -257.78424482207515)
31 (70.555750735837094, -326.60943708514412, -256.05368634930704)
32 (77.315703783991609, -335.11790834823051, -257.80220456423888)
33 (84.659916088981944, -342.52663056724799, -257.86671447826603)
34 (85.230977782833989, -342.81219278883293, -257.58121500599896)
35 (85.210115510203721, -341.89467454432776, -256.68455903412405)
36 (87.866845291487422, -345.94267826191384, -258.0758329704264)
37 (83.142080332425024, -340.31176239374713, -257.16968206132208)
38 (83.272430055669858, -339.73790394609466, -256.46547389042479)
39 (92.632844449135575, -350.61120588458806, -257.97836143545248)
40 (95.461084991160945, -352.50144172364645, -257.04035673248552)
41 (95.161115924253821, -352.73933614869964, -257.57822022444583)
42 (90.103320681143657, -347.2714174866972, -257.16809680555355)
43 (84.918088718310614, -341.72648609522463, -256.808397376914)
44 (84.809546243905373, -342.07962937959758, -257.27008313569218)
45 (86.422671761980126, -343.6784244855491, -257.255752723569)
46 (84.049180441068074, -342.31823788851568, -258.26905744744761)
47 (75.312868495398632, -331.2360428310713, -255.92317433567268)
48 (77.18517397038778, -334.81078811375636, -257.62561414336858)
49 (80.804008868994174, -338.63506715757768, -257.83105828858351)
50 (78.133318698879393, -335.30570512134364, -257.17238642246423)
51 (78.817001149511384, -335.89961385040243, -257.08261270089105)
52 (84.611839868185157, -342.44287033911257, -257.83103047092743)
53 (85.221451341783649, -342.68815244208855, -257.46670110030493)
54 (84.29276612631233, -341.05364172346549, -256.76087559715313)
55 (88.570584530202837, -346.26920042223742, -257.69861589203458)
56 (91.274141614710089, -348.81886932288273, -257.54472770817267)
57 (89.850022265210782, -347.34463711158844, -257.49461484637766)
58 (86.894395058162303, -343.85448005998029, -256.96008500181802)
59 (90.267064112545782, -347.28509430021779, -257.01803018767203)
60 (96.394554951278081, -354.08235854179003, -257.68780359051198)
61 (93.963065440663911, -352.09579727380611, -258.1327318331422)
62 (87.389591252215993, -343.1543065001315, -255.76471524791549)
63 (90.531152108290073, -347.88361537670971, -257.35246326841963)
64 (91.030559530305396, -348.12931414258662, -257.09875461228125)
65 (87.710147968860326, -344.48123122069114, -256.77108325183082)
66 (84.787862570591784, -341.96627149356755, -257.17840892297579)
67 (83.391524701768788, -340.07852500928897, -256.68700030752018)
68 (89.842291394596117, -346.88963240941592, -257.04734101481984)
69 (96.913755278226645, -354.43573646278446, -257.52198118455783)
70 (94.764726319590864, -351.89276267328273, -257.12803635369187)
71 (86.724602227250443, -343.68587250433052, -256.96127027708008)
72 (79.869931103518653, -336.08997828533029, -256.22004718181165)
73 (83.698930515480868, -340.45078295974128, -256.75185244426041)
74 (91.573386386059866, -348.86962424165, -257.29623785559011)
75 (92.454464761216556, -350.1482237788739, -257.69375901765733)
76 (84.311043104652384, -341.01271237135404, -256.70166926670163)
77 (80.986755174831103, -337.09358678503503, -256.10683161020393)
78 (87.505495944401289, -344.81011904524115, -257.30462310083988)
79 (93.104548290475506, -350.40595347260927, -257.30140518213375)
80 (94.081886452927733, -351.43039528456751, -257.34850883163978)
81 (85.697007324329576, -343.53182849848531, -257.83482117415576)
82 (72.913768296570353, -328.06260419923808, -255.14883590266771)
83 (76.138123197821017, -333.35329433058365, -257.21517113276263)
84 (80.618396532641299, -337.97568750481969, -257.35729097217836)
85 (80.908123756524589, -337.20891453431125, -256.30079077778669)
86 (83.410989422802345, -340.75849385692396, -257.34750443412162)
87 (81.616794210593525, -338.3757264609456, -256.75893225035207)
88 (81.117614650712142, -337.54339442037417, -256.42577976966203)
89 (85.554504926370626, -342.71066100744122, -257.15615608107061)
90 (86.735459159154061, -344.00426627651041, -257.26880711735635)
91 (83.590739013847937, -339.8375961782524, -256.24685716440445)
92 (84.68223510106688, -341.67710907280656, -256.99487397173971)
93 (86.329478928174652, -343.19197237659046, -256.86249344841582)
94 (85.753127946050171, -343.28261795905149, -257.52949001300135)
95 (79.547155447584032, -336.79280979604795, -257.24565434846392)
96 (71.408894366023205, -327.70320375341737, -256.29430938739415)
97 (75.416099841020596, -331.63326299277696, -256.21716315175638)
98 (88.423302983744406, -345.91182359748058, -257.48852061373617)
99 (94.337005974270468, -351.36419807768027, -257.02719210340979)
100 (93.615328555024732, -350.39346260057511, -256.77813404555036)
101 (92.096936437202132, -348.4936821335981, -256.39674569639595)
102 (93.659570981969253, -350.10666323457167, -256.44709225260243)
103 (93.702307893749165, -350.93657016145568, -257.23426226770653)
104 (87.158133847528163, -343.28763799882393, -256.12950415129575)
105 (84.245468505934795, -340.71834738211237, -256.47287887617756)
106 (85.454345983512127, -342.28880679652138, -256.83446081300929)
107 (84.534450564032824, -341.02560474246388, -256.49115417843109)
108 (84.986767751835359, -341.54902323342134, -256.56225548158596)
109 (86.239796739630876, -343.30486389939676, -257.06506715976587)
110 (83.923630357719219, -340.52636134924205, -256.60273099152283)
111 (82.375010212820513, -339.17471545598164, -256.79970524316116)
112 (82.466857236054722, -338.97959929782269, -256.51274206176799)
113 (82.62540913507344, -339.75751819205618, -257.13210905698276)
114 (80.32006931026929, -336.54168091945814, -256.22161160918887)
115 (80.811490959502422, -337.73453578588862, -256.92304482638622)
116 (80.233162965434261, -337.21266436620488, -256.97950140077063)
117 (79.171837614696443, -335.16551055222823, -255.99367293753178)
118 (84.34597809665145, -340.84368537354442, -256.49770727689298)
119 (90.068730957571034, -347.49870386492802, -257.42997290735696)
120 (88.486733502699053, -344.97000231061475, -256.48326880791569)
121 (87.479690503014851, -343.95198343235239, -256.47229292933753)
122 (86.658082190232278, -343.39344902787957, -256.73536683764729)
123 (81.397831210175511, -337.85743059140026, -256.45959938122473)
124 (77.498293739018479, -333.60294839637641, -256.10465465735791)
125 (75.663311826097441, -332.97755693647503, -257.31424511037756)
126 (72.487124992065517, -328.15881190972527, -255.67168691765977)
127 (75.558750660951048, -332.02827254511794, -256.46952188416691)
128 (80.533247372938462, -336.7946284551532, -256.26138108221471)
129 (84.903437302518739, -341.94494726564898, -257.04150996313024)
130 (82.067163690935203, -337.75547685492631, -255.6883131639911)
131 (85.072334541772747, -341.31881775581741, -256.24648321404464)
132 (89.069223520640449, -345.337856680279, -256.26863315963857)
133 (87.813817196062033, -343.40507674774369, -255.59125955168167)
134 (88.488964475080536, -344.50966188130747, -256.02069740622693)
135 (87.629063294949376, -344.02454483242121, -256.39548153747182)
136 (83.582344738627427, -339.49625009084929, -255.91390535222186)
137 (80.916863146529124, -336.63135950007734, -255.71449635354821)
138 (79.929788065131135, -336.30066163138275, -256.37087356625159)
139 (77.86894127913682, -333.34850214318095, -255.47956086404412)
140 (80.378063621350009, -335.99519485906018, -255.61713123771017)
141 (86.289707988725596, -342.6759080556381, -256.38620006691252)
142 (86.937874880931901, -342.72228192285104, -255.78440704191914)
143 (87.972214838473292, -343.41066534706175, -255.43845050858846)
144 (92.57443317433065, -348.85347213561164, -256.279038961281)
145 (89.841341146200833, -346.59058417566519, -256.74924302946437)
146 (84.634121520824607, -339.17095922621928, -254.53683770539467)
147 (92.928183826939474, -349.29010235472953, -256.36191852779007)
148 (96.792308568726455, -353.37557218519947, -256.583263616473)
149 (87.243758761688127, -343.3414337121614, -256.09767495047328)
150 (78.343141857864651, -332.76325328776096, -254.42011142989631)
151 (83.705919638701104, -339.67679981953421, -255.97088018083309)
152 (91.888252591305744, -347.36493239653527, -255.47667980522954)
153 (99.631710498135291, -355.85813611785056, -256.22642561971526)
154 (99.70995447320837, -355.77688127950051, -256.06692680629214)
155 (93.268774995424735, -348.86425563047305, -255.59548063504832)
156 (89.768924876551566, -345.08864121658002, -255.31971634002844)
157 (91.87551869354769, -347.51742824318893, -255.64190954964124)
158 (94.632782730687708, -350.85825404510484, -256.22547131441712)
159 (93.23998697625872, -348.58528898113252, -255.34530200487382)
160 (92.329062961577847, -348.39378419920024, -256.06472123762239)
161 (87.371690064344335, -343.64446960052305, -256.27277953617875)
162 (78.395661211821903, -333.83160816135489, -255.43594694953299)
163 (79.415813525859207, -334.559583870729, -255.14377034486978)
164 (88.804541488476318, -345.59707986321422, -256.79253837473789)
165 (88.611437757634505, -344.57265194920586, -255.96121419157134)
166 (87.119383444335071, -342.41308379963868, -255.2937003553036)
167 (88.880631101161939, -345.31332957323644, -256.43269847207449)
168 (84.489761779934398, -339.63058184585896, -255.14082006592457)
169 (84.788617769147891, -340.03293464740051, -255.24431687825262)
170 (90.865498922379658, -346.88068167236599, -256.01518274998637)
171 (96.108415366079839, -351.59182021060326, -255.48340484452342)
172 (98.278099387315493, -354.44407680766869, -256.16597742035322)
173 (94.451620066987601, -350.01384961899754, -255.56222955200994)
174 (86.735261426463694, -342.5578602976961, -255.8225988712324)
175 (81.704508618855414, -335.70465204113668, -254.00014342228127)
176 (93.447513682211948, -350.21858505150635, -256.77107136929442)
177 (97.562573901277332, -354.35894441987051, -256.79637051859316)
178 (87.079258825769571, -342.22890816216659, -255.14964933639703)
179 (83.628332904372812, -338.53522032819728, -254.90688742382446)
180 (92.026308572595042, -348.16558115364728, -256.13927258105224)
181 (96.56974174292084, -352.63921343358953, -256.06947169066871)
182 (94.334959641692464, -350.1317246196777, -255.79676497798522)
183 (91.247555990072726, -346.81108122293085, -255.56352523285813)
184 (87.876851702696243, -343.87483611571923, -255.997984413023)
185 (82.717582222858354, -338.12829452388308, -255.41071230102472)
186 (78.912154117255426, -335.14538475380323, -256.23323063654777)
187 (76.795313690768523, -331.4057897524217, -254.61047606165317)
188 (82.853481128868424, -338.99250264674208, -256.13902151787363)
189 (88.205139155097413, -343.45298241879686, -255.24784326369945)
190 (93.943857459572683, -349.96219563096878, -256.01833817139607)
191 (95.767920924787333, -350.89165581135921, -255.12373488657187)
192 (98.36332952476522, -353.95131558659307, -255.58798606182785)
193 (99.792577783442056, -355.39279778202604, -255.60021999858398)
194 (97.034246067270544, -352.80710971721851, -255.77286364994796)
195 (92.374749750009613, -347.60186229276025, -255.22711254275063)
196 (89.874535328580677, -345.57587061923357, -255.70133529065288)
197 (86.951398189436532, -342.4076046643433, -255.45620647490676)
198 (87.073114951858969, -342.32901264365319, -255.25589769179422)
199 (90.13356964889303, -346.34544699177047, -256.21187734287741)
200 (90.131939888242997, -345.61495921514711, -255.48301932690413)
201 (90.587591457094604, -346.4504272043859, -255.86283574729129)
202 (89.87421853438093, -345.09680361612055, -255.22258508173962)
203 (90.478682144827289, -346.42941584817902, -255.95073370335172)
204 (86.757024085671574, -342.67317711862148, -255.91615303294992)
205 (80.988916993699831, -335.86451531544265, -254.87559832174281)
206 (81.07398039941387, -337.19155427499334, -256.11757387557947)
207 (76.095793863000807, -332.4437414851111, -256.34794762211027)
208 (73.537338048848, -328.36901067534671, -254.83167262649872)
209 (82.926515179740221, -338.83435224474283, -255.90783706500261)
210 (88.800662516435295, -344.33348030873441, -255.53281779229911)
211 (90.434466650845792, -346.56495217429244, -256.13048552344662)
212 (86.048357266208697, -341.17286002462623, -255.12450275841752)
213 (85.403813492498628, -340.48117047095531, -255.07735697845669)
214 (91.607817577437828, -347.31982082971211, -255.71200325227429)
215 (95.562195390837473, -351.53315798623959, -255.97096259540211)
216 (90.49245892077559, -346.24359335960366, -255.75113443882807)
217 (81.571353291082559, -336.90803761596987, -255.3366843248873)
218 (79.216834382192516, -334.16883011362768, -254.95199573143515)
219 (87.689374459335752, -343.45852565348923, -255.76915119415349)
220 (96.189379676521526, -351.90605119379381, -255.71667151727229)
221 (98.760478104237166, -354.45252391075957, -255.6920458065224)
222 (94.273555655736601, -350.64672140487767, -256.37316574914109)
223 (80.900286369822979, -336.00101214358949, -255.1007257737665)
224 (72.932470184994742, -327.68957773256233, -254.75710754756759)
225 (80.322138335105493, -335.30629478877415, -254.98415645366867)
226 (94.455669025775137, -350.68323013988629, -256.22756111411115)
227 (99.04937810012818, -355.0457635923143, -255.99638549218611)
228 (93.753808957715236, -349.25397321821021, -255.50016426049496)
229 (87.162754123822438, -341.80970926964159, -254.64695514581916)
230 (89.031461070884646, -344.29153096501557, -255.26006989413094)
231 (93.462713790807285, -349.1353237724224, -255.6726099816151)
232 (94.42657282980133, -350.05513843734894, -255.62856560754761)
233 (91.214760639341193, -347.15622774066424, -255.94146710132304)
234 (83.684230903802799, -338.30013558892711, -254.61590468512429)
235 (84.168913183916715, -339.71298428737219, -255.54407110345548)
236 (87.669752181135578, -343.34324451237222, -255.67349233123664)
237 (88.257144736567838, -343.78108716338306, -255.52394242681521)
238 (88.437592706257135, -344.03553786737285, -255.59794516111572)
239 (87.902059851782724, -343.44287947322431, -255.54081962144159)
240 (86.369147942369139, -342.09358709235448, -255.72443914998536)
241 (85.046929451421576, -339.75649949469613, -254.70957004327454)
242 (89.795940388940764, -345.61376394496017, -255.81782355601939)
243 (91.696686910023743, -347.56922896172006, -255.87254205169631)
244 (87.113553303034664, -342.45159904775659, -255.33804574472191)
245 (82.400630689983061, -337.71864070431513, -255.31801001433206)
246 (78.386205706674133, -334.05952143784526, -255.67331573117113)
247 (77.407539934755277, -331.98820038608795, -254.58066045133268)
248 (85.370158178302532, -340.86917390861566, -255.49901573031315)
249 (91.026876259321014, -346.3719292846576, -255.3450530253366)
250 (93.653502029242844, -348.93853879990706, -255.28503677066422)
251 (93.898094186589191, -349.39740136037437, -255.49930717378518)
252 (89.860092934031584, -345.11940252459567, -255.2593095905641)
253 (84.27455488967469, -339.4380810874257, -255.16352619775103)
254 (82.421033117727035, -337.44847339128438, -255.02744027355735)
255 (85.175467074266393, -340.90257189332539, -255.72710481905898)
256 (83.386985218497855, -338.89532186414556, -255.50833664564772)
257 (81.428077641539574, -335.82399397805523, -254.39591633651565)
258 (86.668313239579675, -342.57834433892538, -255.9100310993457)
259 (88.059385767711063, -343.00990840648831, -254.95052263877724)
260 (88.4116603309499, -343.66500177958272, -255.25334144863282)
261 (85.908953940893952, -341.70829774262239, -255.79934380172844)
262 (78.39804958079722, -332.96688546973246, -254.56883588893524)
263 (76.670222782112191, -332.04640068571911, -255.3761779036069)
264 (79.218444565325171, -333.65144155876334, -254.43299699343817)
265 (84.800432863954896, -340.17521280091194, -255.37477993695705)
266 (87.704761043593493, -342.24852029572151, -254.54375925212801)
267 (89.153982803443938, -344.74058847302842, -255.58660566958449)
268 (82.59086074730223, -337.12674914113342, -254.53588839383119)
269 (80.011289034722125, -334.11580489483879, -254.10451586011666)
270 (86.301805814533992, -341.53455285240159, -255.2327470378676)
271 (92.011874286288588, -346.53250056209407, -254.52062627580548)
272 (97.052442134925641, -352.88208676960136, -255.82964463467573)
273 (94.200966093609964, -349.00047009425401, -254.79950400064405)
274 (91.875729859053166, -346.06385862084801, -254.18812876179484)
275 (94.669992212558313, -350.79146024913797, -256.12146803657964)
276 (86.662370435565506, -341.62817256591876, -254.96580213035327)
277 (81.123622982722949, -335.1003002574738, -253.97667727475084)
278 (88.049491315327472, -343.70149381374875, -255.65200249842127)
279 (89.400259555271049, -344.88057785410751, -255.48031829883647)
280 (84.802248721090066, -339.13928010082174, -254.33703137973168)
281 (84.370250626215324, -339.35580173235428, -254.98555110613896)
282 (87.341005774573802, -341.9334332681741, -254.5924274936003)
283 (93.020341478266161, -348.32377118036635, -255.30342970210017)
284 (94.072785450924457, -349.32701087736365, -255.25422542643918)
285 (89.321835297497117, -343.94331629452631, -254.62148099702921)
286 (86.831095230787398, -342.25576124388851, -255.4246660131011)
287 (83.410248438472905, -338.60588262023538, -255.19563418176247)
288 (81.603991202117868, -335.72805187892203, -254.12406067680416)
289 (88.966099548623632, -344.05616142498656, -255.09006187636294)
290 (95.212454301068618, -349.970574226314, -254.75811992524538)
291 (98.849728537492538, -353.76078190255635, -254.91105336506382)
292 (97.143219340865357, -352.42813350581622, -255.28491416495086)
293 (88.462562710916842, -342.88510212554183, -254.42253941462499)
294 (84.55514898598274, -338.82475403417681, -254.26960504819408)
295 (89.717482234473238, -345.10128807591502, -255.38380584144178)
296 (93.038729122476852, -348.19105085171674, -255.15232172923987)
297 (91.893313543855996, -347.14041557856223, -255.24710203470624)
298 (86.443154754833827, -341.51883903845481, -255.075684283621)
299 (80.73322284552296, -335.53183492702658, -254.79861208150362)
300 (80.53939140616275, -335.98678517674108, -255.44739377057834)
301 (81.85990405748089, -336.74716595892016, -254.88726190143927)
302 (86.10812854635752, -341.34252682313712, -255.23439827677959)
303 (88.714868804756861, -344.61391058357151, -255.89904177881465)
304 (86.308707291224863, -340.90748679892351, -254.59877950769865)
305 (86.604252709075055, -342.61257321487659, -256.00832050580152)
306 (86.191791616540016, -340.48864898668796, -254.29685737014796)
307 (90.199529449380307, -345.15311830870326, -254.95358885932296)
308 (91.775059435900005, -346.26788063785625, -254.49282120195625)
309 (94.387593369796022, -349.29585818395032, -254.90826481415428)
310 (93.279789486001249, -348.4730194529173, -255.19322996691605)
311 (87.795107656292586, -341.89809606875872, -254.10298841246612)
312 (87.611690285301336, -342.36127033886623, -254.7495800535649)
313 (88.957588575554539, -343.60106650281756, -254.64347792726301)
314 (88.670430036886515, -343.52267022821286, -254.85224019132636)
315 (85.33988350209107, -339.97890348761302, -254.63901998552194)
316 (83.358922896618239, -337.56394689862429, -254.20502400200604)
317 (88.448369681230048, -343.05474901407086, -254.60637933284082)
318 (92.172705022736125, -347.52517091342503, -255.3524658906889)
319 (86.550587837159455, -340.88773341850862, -254.33714558134915)
320 (81.984457644576693, -336.21333783331727, -254.22888018874056)
321 (83.140661709832443, -337.90149070394756, -254.76082899411512)
322 (84.823938481979184, -339.25631615862738, -254.4323776766482)
323 (88.285341476389007, -342.85459391920159, -254.56925244281257)
324 (90.084273763265074, -345.4715560136267, -255.38728225036164)
325 (83.443837221912077, -337.71682613749721, -254.27298891558513)
326 (82.007287431721693, -336.63771029519495, -254.63042286347326)
327 (85.889691467270538, -340.82747422106786, -254.93778275379731)
328 (85.870599049505827, -341.08402466416754, -255.21342561466173)
329 (79.856347545497499, -334.93219317376429, -255.07584562826679)
330 (73.775712870364572, -327.58839481499638, -253.81268194463181)
331 (76.189919022315394, -331.19056720307833, -255.00064818076294)
332 (82.709863976644002, -336.7471523747131, -254.03728839806911)
333 (92.730672999899099, -347.80162933187171, -255.07095633197261)
334 (96.959960041751771, -351.28742487447664, -254.32746483272487)
335 (98.034155433110314, -352.84228558234429, -254.80813014923399)
336 (94.439421899391292, -348.92850717768067, -254.48908527828939)
337 (90.919553712235938, -344.84019342254089, -253.92063971030495)
338 (91.578487021798708, -346.56138865190604, -254.98290163010734)
339 (89.603239373326019, -343.77312714858317, -254.16988777525717)
340 (88.457615814849476, -344.02953957700782, -255.57192376215835)
341 (81.801094465119249, -336.54867913332885, -254.74758466820958)
342 (77.000801125859098, -331.28329644843495, -254.28249532257587)
343 (83.174494512501212, -338.0168800794346, -254.84238556693339)
344 (92.6146018398845, -347.78479853330714, -255.17019669342264)
345 (96.023021758825365, -351.85873771194662, -255.83571595312125)
346 (88.398784715233262, -342.28623497927157, -253.88745026403831)
347 (85.34906798839873, -340.20792184928155, -254.85885386088282)
348 (85.744457883104786, -340.63565307431287, -254.89119519120808)
349 (85.883160792750928, -340.15423560354941, -254.2710748107985)
350 (88.165081518400967, -343.52162347072692, -255.35654195232595)
351 (84.016285072460974, -339.09678665888617, -255.08050158642521)
352 (76.636879332558138, -330.81867706912755, -254.18179773656942)
353 (75.798981783913931, -330.52338367319049, -254.72440188927658)
354 (81.905501884357022, -336.07151496050045, -254.16601307614343)
355 (93.142409324203939, -348.49317462052937, -255.35076529632545)
356 (96.752713492791472, -351.99778983749235, -255.24507634470086)
357 (88.595181690860457, -344.33303516894301, -255.73785347808257)
358 (72.554061106329286, -326.15239464630412, -253.59833353997482)
359 (76.378013145497121, -332.20212470600887, -255.82411156051177)
360 (85.979776934767557, -342.02062562617931, -256.04084869141172)
361 (85.648818250759831, -340.11834902366303, -254.4695307729032)
362 (90.416598168542748, -345.5268256337996, -255.11022746525686)
363 (97.722339840259039, -353.10111531053826, -255.37877547027921)
364 (98.310375365747802, -354.12277702205392, -255.81240165630612)
365 (91.015984532907495, -345.72477795672694, -254.70879342381943)
366 (87.329774343347736, -341.96720234024394, -254.63742799689621)
367 (89.133559390174312, -344.61042719144541, -255.47686780127111)
368 (86.929871535608598, -342.22467062947453, -255.29479909386595)
369 (85.294373275808496, -339.48110432826331, -254.18673105245483)
370 (90.306823623752223, -346.27816682565077, -255.97134320189855)
371 (90.584860064737526, -344.82752387872523, -254.24266381398769)
372 (96.050217896942087, -351.58033752031014, -255.53011962336805)
373 (95.939981551888906, -352.55223523797349, -256.61225368608461)
374 (82.655869563989199, -337.24360620585463, -254.58773664186543)
375 (76.471120898057734, -330.12751661010367, -253.65639571204593)
376 (86.669982864167324, -341.83865957201067, -255.16867670784336)
377 (97.856992296300973, -353.44762093866535, -255.59062864236438)
378 (99.419696495870184, -354.50736187132543, -255.08766537545523)
379 (93.179961634660614, -348.46202816713202, -255.28206653247139)
380 (81.3206678909944, -335.93025336368663, -254.60958547269223)
381 (74.786530996752902, -329.05936652559518, -254.27283552884228)
382 (77.180467359616159, -331.82578463853457, -254.64531727891841)
383 (81.816049181123802, -337.01775568285916, -255.20170650173537)
384 (82.154607247410567, -337.13935717781612, -254.98474993040554)
385 (82.800247118217072, -337.30716982607555, -254.50692270785848)
386 (89.835535843214487, -345.16699605834958, -255.33146021513511)
387 (91.123691439617218, -346.72967742602282, -255.60598598640559)
388 (84.734128237539949, -338.88714699806826, -254.15301876052831)
389 (85.136067806078074, -339.85481697966634, -254.71874917358826)
390 (88.189682322847275, -343.24466243504281, -255.05498011219555)
391 (86.997547562539296, -342.07767604773892, -255.08012848519962)
392 (85.318777646398132, -339.64910490008259, -254.33032725368446)
393 (88.899199830132261, -344.35180449038967, -255.45260466025741)
394 (86.967415067318953, -342.25451768767334, -255.2871026203544)
395 (82.970991236239385, -336.90325679776879, -253.93226556152939)
396 (87.533871218628121, -343.07468019220602, -255.5408089735779)
397 (90.992807530730587, -345.31790313150498, -254.32509560077438)
398 (95.492227430247027, -350.75350927060066, -255.26128184035363)
399 (94.271193639715463, -348.97173383953816, -254.70054019982268)
400 (90.338103475407109, -344.84745623598826, -254.50935276058115)
401 (88.523189072623666, -343.42753930618068, -254.90435023355701)
402 (87.696943172493675, -342.23631906117055, -254.53937588867689)
403 (89.075107998754731, -344.21620529692996, -255.14109729817523)
404 (90.299061469944618, -344.84010536376962, -254.54104389382502)
405 (91.757021789588862, -346.65390110956173, -254.89687931997287)
406 (90.504552439184266, -345.27743775702942, -254.77288531784515)
407 (90.284937571927685, -344.1465418076956, -253.86160423576791)
408 (94.577105548497656, -349.37355429279438, -254.79644874429673)
409 (96.054111209968468, -350.67280525967004, -254.61869404970156)
410 (95.26050059341695, -350.05905870886954, -254.79855811545258)
411 (91.686095812287846, -346.02907918842436, -254.34298337613652)
412 (87.946145887410125, -342.32779921592612, -254.38165332851599)
413 (86.025428001371836, -340.1618516578672, -254.13642365649537)
414 (86.561766292309741, -341.24587090265862, -254.68410461034887)
415 (86.822302324314833, -340.75474590040085, -253.93244357608603)
416 (90.019429726650714, -344.85941516271009, -254.83998543605938)
417 (91.583429945936345, -345.95282629576099, -254.36939634982463)
418 (91.914515148104726, -346.55512005398941, -254.64060490588469)
419 (88.626907185640235, -343.59036846296965, -254.96346127732943)
420 (80.618677577454392, -335.04490566922107, -254.42622809176669)
421 (75.159549812993689, -329.39708313842164, -254.23753332542793)
422 (80.436599719116742, -334.28132115400712, -253.84472143489037)
423 (91.687529971823778, -346.86379012993649, -255.17626015811271)
424 (90.172531851924703, -344.94821572610863, -254.77568387418393)
425 (81.606922100207456, -335.34038485436668, -253.73346275415923)
426 (79.377419524535185, -333.55531119339037, -254.17789166885518)
427 (82.744480238517085, -336.78609027127698, -254.04161003275988)
428 (88.446384407767567, -343.00331060101934, -254.55692619325177)
429 (92.076711639694977, -346.48153835663817, -254.40482671694321)
430 (92.827823430500771, -347.03338840537424, -254.20556497487348)
431 (90.561688486237273, -345.15074321806753, -254.58905473183026)
432 (82.665298046317673, -336.86024704195967, -254.19494899564199)
433 (79.121634329560962, -332.05825636167339, -252.93662203211244)
434 (88.991869628754344, -344.23374772041132, -255.24187809165699)
435 (94.097236964008474, -348.58480025977093, -254.48756329576247)
436 (92.058272074641678, -346.77803397655316, -254.71976190191148)
437 (85.523457975876084, -338.70985925123273, -253.18640127535664)
438 (86.868921760127179, -341.78279260051295, -254.91387084038575)
439 (87.288566268101178, -341.90852642954286, -254.61996016144167)
440 (88.366070228610354, -342.53882339519299, -254.17275316658265)
441 (90.854890849414829, -345.7892468739837, -254.93435602456887)
442 (86.056399729548289, -340.93340777105033, -254.87700804150205)
443 (84.531443507525793, -338.08935329266978, -253.55790978514398)
444 (91.761507915822804, -345.46789435238594, -253.70638643656315)
445 (93.582004356867074, -347.02648596211583, -253.44448160524877)
446 (91.780016662422781, -345.8117262003783, -254.03170953795552)
447 (87.38350271372822, -339.49772258383297, -252.11421987010476)
448 (89.77846880467375, -343.46740990389691, -253.68894109922314)
449 (88.876154722684461, -341.68115043787435, -252.80499571518988)
450 (91.736100688729337, -345.13439803389133, -253.39829734516201)
451 (92.85462656576847, -346.72933037953663, -253.87470381376818)
452 (86.646149739733048, -339.17174316129177, -252.52559342155871)
453 (88.461948369031816, -341.38552162636546, -252.92357325733366)
454 (93.946290287184965, -348.28772749424093, -254.34143720705595)
455 (88.168263048444643, -341.63482724286609, -253.46656419442144)
456 (78.861627175597434, -331.24521986216934, -252.38359268657189)
457 (79.205763479242634, -331.52934238961399, -252.32357891037134)
458 (87.103682235440559, -340.80607307693504, -253.70239084149449)
459 (88.97507221166282, -341.95933179665332, -252.9842595849905)
460 (88.521415197503089, -341.50587578232495, -252.98446058482187)
461 (86.777193895092026, -339.95643960930528, -253.17924571421327)
462 (81.704598406292931, -334.75288342436545, -253.04828501807253)
463 (77.152895239898442, -329.60503920971632, -252.45214396981788)
464 (81.193445302073712, -333.65849159669443, -252.46504629462072)
465 (88.743750754154988, -342.94710007848511, -254.20334932433013)
466 (82.944993836037909, -336.24639994194581, -253.30140610590792)
467 (75.468402915961477, -328.05538260230747, -252.58697968634601)
468 (78.880322784600935, -331.16540450608716, -252.28508172148622)
469 (88.883224022222933, -342.00484268399356, -253.12161866177064)
470 (94.550617620623186, -347.77836444435292, -253.22774682372972)
471 (95.052014475976733, -347.3612125405453, -252.30919806456856)
472 (96.588346208491672, -349.39051994955918, -252.80217374106752)
473 (94.473297582172833, -347.51067556431599, -253.03737798214314)
474 (88.400696581569306, -340.59158408360315, -252.19088750203383)
475 (86.550372057277727, -339.12491529897079, -252.57454324169305)
476 (87.656048828655472, -340.2682357964793, -252.61218696782385)
477 (88.570243950650294, -340.86870140458393, -252.29845745393362)
478 (89.366115557347655, -342.10825581193097, -252.74214025458332)
479 (88.340885300891799, -341.00264511923081, -252.66175981833902)
480 (85.590163243461788, -337.84436688567575, -252.25420364221395)
481 (86.515387310633898, -338.78286159781794, -252.26747428718403)
482 (89.590400858702708, -342.73541863780451, -253.14501777910181)
483 (88.045191471120447, -340.42189386003599, -252.37670238891553)
484 (85.162133530193501, -338.45803098656222, -253.29589745636872)
485 (80.825523129046857, -332.62605865695321, -251.80053552790633)
486 (84.236991037302388, -337.03582485559104, -252.79883381828864)
487 (87.476634888807155, -340.57436987901792, -253.09773499021077)
488 (84.757212459219517, -337.44334446113305, -252.68613200191353)
489 (79.772079026415824, -332.40925659861102, -252.63717757219518)
490 (75.791646014464092, -328.07319866972949, -252.28155265526539)
491 (76.561392955415599, -329.14941107730067, -252.58801812188506)
492 (80.065334320033188, -332.63013244287691, -252.56479812284374)
493 (85.397301300771403, -338.18673080050308, -252.78942949973168)
494 (86.301944825319907, -339.84080237866948, -253.53885755334957)
495 (80.326807109544276, -332.17311612648433, -251.84630901694004)
496 (80.311009535251614, -332.94765707952149, -252.63664754426986)
497 (81.965777525925503, -334.64239923777569, -252.6766217118502)
498 (85.41606589327553, -337.18385533190656, -251.76778943863104)
499 (93.389478510880082, -346.45065008007424, -253.06117156919416)
500 (95.692749785672262, -347.74073952194647, -252.04798973627419)
501 (98.223371798732501, -350.35702027123153, -252.13364847249903)
502 (100.99694140314294, -353.76254309363765, -252.76560169049469)
503 (98.217962429500162, -350.45976566399918, -252.241803234499)
504 (93.475351904903334, -345.80100225593969, -252.32565035103636)
505 (87.515267545320299, -339.96835255301306, -252.45308500769278)
506 (84.878246100358936, -336.99907219796057, -252.12082609760165)
507 (87.637155064533886, -339.8379525347417, -252.20079747020782)
508 (89.600399051519148, -342.5251180915925, -252.92471904007334)
509 (88.143939918300845, -340.01182253882195, -251.8678826205211)
510 (89.42071184211936, -342.00786900610359, -252.58715716398422)
511 (88.797711548746904, -341.49560437841433, -252.69789282966741)
512 (84.191481222837368, -336.72421668120899, -252.53273545837163)
513 (79.738178061603605, -330.70265787891549, -250.96447981731188)
514 (88.233805683880973, -341.84893867116216, -253.61513298728119)
515 (94.014433652838278, -347.31286482370217, -253.29843117086389)
516 (91.986646867469162, -344.66510369004834, -252.67845682257916)
517 (91.842924960896511, -344.60924708550436, -252.76632212460785)
518 (95.152655966615342, -348.29488552813814, -253.14222956152281)
519 (97.48838852525607, -350.84780142502314, -253.35941289976705)
520 (93.925179299795474, -346.53067534597841, -252.60549604618294)
521 (87.563953776598908, -341.03139928585927, -253.46744550926036)
522 (87.24554587913336, -338.41447860502956, -251.16893272589618)
523 (97.417295597115327, -350.21654294506499, -252.79924734794966)
524 (98.216585431231394, -350.80162084403418, -252.58503541280277)
525 (89.253922619245387, -341.59660756121116, -252.34268494196579)
526 (77.225297902910825, -328.16570107805853, -250.94040317514771)
527 (79.435730737407965, -330.99268866728505, -251.55695792987709)
528 (88.806792399504729, -341.25954632282003, -252.4527539233153)
529 (91.152183403164983, -343.14113664640485, -251.98895324323985)
530 (90.371412191313539, -341.59440515766994, -251.2229929663564)
531 (92.208915171858237, -344.255309097799, -252.04639392594078)
532 (91.502372346157941, -342.92900510137423, -251.4266327552163)
533 (90.53175882268367, -342.57104838748864, -252.03928956480496)
534 (85.305957205691485, -337.55059404373895, -252.24463683804748)
535 (76.050936084546834, -327.08103503215216, -251.03009894760532)
536 (79.044965232345305, -330.41985089871179, -251.37488566636648)
537 (90.38521192656259, -343.08472743717238, -252.69951551060979)
538 (92.303425238120369, -344.72180188286455, -252.41837664474417)
539 (87.645959951528241, -339.14233103398345, -251.4963710824552)
540 (89.763239472929058, -341.60973406675998, -251.84649459383093)
541 (96.067650602945506, -347.9747396238493, -251.90708902090381)
542 (98.54810510452451, -351.19947304853844, -252.65136794401394)
543 (95.905220950859629, -347.31017114693549, -251.40495019607584)
544 (94.764297808174291, -346.9232130378108, -252.15891522963651)
545 (89.17232525737036, -341.99522322236749, -252.82289796499714)
546 (82.985206204566595, -333.08345051614197, -250.09824431157537)
547 (90.089149583495029, -342.42432839353768, -252.33517881004263)
548 (88.05995639516955, -339.67007237013541, -251.61011597496588)
549 (83.288998073497652, -334.16239756792174, -250.87339949442409)
550 (85.823022742290121, -337.24783952509762, -251.42481678280751)
551 (88.519684070532705, -339.94752823083547, -251.42784416030275)
552 (85.742217785863602, -337.30618970778789, -251.56397192192429)
553 (80.6609430629983, -331.15883719229873, -250.49789412930045)
554 (82.669371483911576, -333.98373045549062, -251.31435897157905)
555 (83.875945600476385, -335.66449815536208, -251.78855255488571)
556 (80.212928108066521, -330.27576108652113, -250.06283297845459)
557 (88.33101019227071, -339.53014024278502, -251.19913005051433)
558 (100.36132243828197, -352.11069136241599, -251.74936892413402)
559 (103.43334222813597, -354.6204494648693, -251.18710723673331)
560 (101.49301854380553, -352.71731853856323, -251.2242999947577)
561 (95.922539535692479, -347.03090643356188, -251.10836689786942)
562 (88.990754236956903, -339.56504135903674, -250.57428712207985)
563 (88.26558528253355, -338.94658202657246, -250.68099674403891)
564 (92.530713809257975, -343.73520040342083, -251.20448659416286)
565 (93.854906297742232, -345.32398438494346, -251.46907808720124)
566 (89.237544308161688, -340.34507181676418, -251.10752750860249)
567 (88.357430378501007, -339.66277887775396, -251.30534849925294)
568 (91.888443971589822, -342.92925932620693, -251.04081535461711)
569 (93.130936606055343, -344.21879777983992, -251.08786117378457)
570 (94.28201217248801, -345.35106940656817, -251.06905723408016)
571 (92.972242886140961, -344.75546223816008, -251.7832193520191)
572 (85.368695786637844, -336.09081356982955, -250.72211778319172)
573 (83.925515090453402, -334.47011012459785, -250.54459503414444)
574 (89.110653224487763, -340.80447591672009, -251.69382269223235)
575 (89.788623498252775, -340.79016868312095, -251.00154518486818)
576 (93.395327823518699, -344.26253297024317, -250.86720514672447)
577 (96.464593859976489, -348.93629090085051, -252.47169704087401)
578 (86.20855667579157, -336.64111678992765, -250.43256011413609)
579 (80.286526474117139, -330.28126349981818, -249.99473702570106)
580 (85.831476161643522, -337.22746476429438, -251.39598860265085)
581 (92.670869168756766, -343.44821719035912, -250.77734802160234)
582 (96.628187985227612, -348.42971677474628, -251.80152878951867)
583 (96.064482732581723, -344.78900817000567, -248.72452543742395)
584 (105.17398337556531, -356.20078503951783, -251.02680166395251)
585 (108.30187807667689, -358.57364928409783, -250.27177120742095)
586 (107.1376605639977, -357.66021619758465, -250.52255563358693)
587 (100.61777516419519, -351.15785583761669, -250.5400806734215)
588 (95.005592703407814, -345.2948168939289, -250.28922419052108)
589 (92.528255800624137, -342.76643564466877, -250.23817984404462)
590 (90.796942575320472, -341.1216276043499, -250.32468502902941)
591 (88.13259218356761, -338.53801672710051, -250.40542454353289)
592 (85.737967039887309, -335.2441103077183, -249.50614326783099)
593 (90.815720699433271, -341.40703058502993, -250.59130988559667)
594 (93.521110076065469, -344.03983421384964, -250.51872413778418)
595 (90.209828208232665, -340.69754129691052, -250.48771308867785)
596 (84.783747256134831, -334.69748269521256, -249.91373543907773)
597 (87.233400451485807, -337.06389747582386, -249.83049702433806)
598 (94.305818642683008, -345.29973715508243, -250.99391851239943)
599 (95.137540825631604, -344.98448656297575, -249.84694573734413)
600 (97.017470107915983, -347.46674475617141, -250.44927464825543)
601 (96.846962276288011, -346.96550565415436, -250.11854337786633)
602 (95.112838653625147, -345.77165251398674, -250.65881386036159)
603 (89.864514963255829, -339.80974619456549, -249.94523123130966)
604 (85.352186962557866, -335.32904623130059, -249.97685926874271)
605 (84.496759792786492, -334.44068153439491, -249.94392174160842)
606 (85.023140489234933, -335.19912895849438, -250.17598846925944)
607 (85.611578903298025, -335.37409519127607, -249.76251628797803)
608 (88.742073803432845, -339.0715949881295, -250.32952118469666)
609 (89.869727156250576, -339.81662767622214, -249.94690051997156)
610 (88.946624671554858, -339.60009986894795, -250.65347519739311)
611 (83.959504816416199, -333.72019426112291, -249.76068944470671)
612 (85.682468224400722, -335.48035080366503, -249.7978825792643)
613 (90.551876362530322, -341.47303122141864, -250.92115485888831)
614 (87.448556255551011, -336.84383188093204, -249.39527562538103)
615 (89.855783908074187, -340.51713701661339, -250.6613531085392)
616 (90.934255066198958, -341.07690201456217, -250.14264694836322)
617 (91.496012529893477, -341.4599728096984, -249.96396027980492)
618 (93.953630822971164, -344.86165098800535, -250.9080201650342)
619 (87.623512184843548, -337.96728910726387, -250.34377692242032)
620 (80.803705419601599, -330.47843541837653, -249.67472999877492)
621 (81.520357262708771, -332.05656187253237, -250.53620460982359)
622 (91.471440408935052, -340.8852795842509, -249.41383917531584)
623 (103.49894244835009, -353.19101069554745, -249.69206824719737)
624 (97.540871977115302, -347.13011893979558, -249.58924696268028)
625 (82.166186580466075, -330.11129154456773, -247.94510496410166)
626 (83.834443253003855, -333.68671948559182, -249.85227623258797)
627 (93.945165420106449, -343.60412377969158, -249.65895835958514)
628 (98.25058061714428, -347.51195239557035, -249.26137177842605)
629 (97.97193741414182, -347.9964926370323, -250.02455522289048)
630 (91.08600848336205, -339.77644830240365, -248.69043981904161)
631 (89.319609270416763, -338.4095250064421, -249.08991573602532)
632 (92.870710920080086, -342.61672128529676, -249.74601036521668)
633 (93.912405692494175, -343.39275125556816, -249.48034556307397)
634 (91.539361316311513, -340.66943050622461, -249.13006918991312)
635 (89.121527653696134, -339.07718320633819, -249.95565555264204)
636 (85.012976755433328, -333.96334567465533, -248.950368919222)
637 (86.52681613716166, -335.82762365686028, -249.30080751969862)
638 (93.611523811405789, -342.85824932736887, -249.24672551596308)
639 (102.37717823268629, -352.44309615645784, -250.06591792377156)
640 (101.40839669075608, -351.63534579987697, -250.22694910912088)
641 (94.453745482394524, -343.11865816676988, -248.66491268437534)
642 (94.114571897732219, -344.22666440830307, -250.11209251057085)
643 (89.737924324038516, -339.14291486449395, -249.40499054045543)
644 (85.098087340886266, -334.7339386009013, -249.63585126001504)
645 (79.622665741988854, -329.04958443896163, -249.42691869697279)
646 (81.7380008481652, -333.30605612043081, -251.56805527226561)
647 (87.316455575632006, -337.07638128683516, -249.75992571120315)
648 (99.282137042762187, -350.24089365893155, -250.95875661616935)
649 (107.46677821558094, -358.64132709786446, -251.17454888228352)
650 (104.94431781476378, -355.442963926289, -250.4986461115252)
651 (98.946773994135313, -348.98340835721808, -250.03663436308278)
652 (94.943031704770917, -345.66753640195049, -250.72450469717955)
653 (90.059549137761024, -340.16722186779299, -250.10767273003196)
654 (90.16672008312861, -340.32332719881953, -250.15660711569092)
655 (96.636892007130498, -347.7585937326603, -251.12170172552982)
656 (97.743348477839433, -347.53456625506664, -249.79121777722719)
657 (98.863293822067803, -349.66003780217591, -250.79674398010809)
658 (99.884404129945594, -350.2807581506712, -250.3963540207256)
659 (100.43929357268935, -352.20191610047374, -251.7626225277844)
660 (93.367600731566412, -343.83817596773895, -250.47057523617252)
661 (89.972689201102597, -340.66007332736143, -250.68738412625885)
662 (92.012067692272765, -343.65840039798519, -251.64633270571244)
663 (93.938756412457266, -344.27894096753198, -250.3401845550747)
664 (95.835956328520382, -346.66454735371639, -250.828591025196)
665 (88.578877700920401, -340.02222243764118, -251.44334473672077)
666 (85.340727707359008, -334.16983215511391, -248.8291044477549)
667 (96.431037494234062, -346.85041875387645, -250.41938125964239)
668 (96.293495028510861, -346.34889350369434, -250.05539847518349)
669 (98.22624363687558, -347.08697431260737, -248.86073067573179)
670 (105.14896261152063, -354.89101954955044, -249.7420569380298)
671 (98.219067357923905, -346.46776955911332, -248.24870220118942)
672 (90.491372411535536, -338.32555748905406, -247.83418507751853)
673 (93.679672513647546, -345.51587620953524, -251.83620369588769)
674 (88.449977297352305, -337.94746209175082, -249.49748479439853)
675 (88.751342137564933, -338.66948344292462, -249.91814130535968)
676 (91.571711153748595, -341.9683695457079, -250.39665839195931)
677 (89.496372237025668, -340.09683669711853, -250.60046446009287)
678 (82.272806838461321, -332.16100029109936, -249.88819345263803)
679 (78.830396249267338, -328.52486271921504, -249.69446646994771)
680 (87.296277743350942, -337.34682560775451, -250.05054786440357)
681 (98.633748302170346, -349.81211993930515, -251.1783716371348)
682 (98.760201628052414, -349.32402029714967, -250.56381866909726)
683 (91.078293575745704, -341.53188293953997, -250.45358936379426)
684 (85.767715929606922, -335.02370176814924, -249.2559858385423)
685 (89.093605552691159, -339.94042102893047, -250.84681547623933)
686 (91.282999165903249, -340.63700727850471, -249.35400811260146)
687 (98.700094761003641, -349.30591322380229, -250.60581846279865)
688 (104.78561625411513, -355.24460326588746, -250.45898701177234)
689 (103.48375042772649, -353.96917805931446, -250.48542763158798)
690 (98.37316853052188, -348.12022713685752, -249.74705860633566)
691 (97.201741227099262, -347.43951138828999, -250.23777016119072)
692 (94.579937312908484, -344.89762068111833, -250.31768336820983)
693 (90.915053444650567, -340.80456973102866, -249.8895162863781)
694 (89.315588393879281, -340.07681024347625, -250.76122184959695)
695 (84.785890558014614, -334.60120569875176, -249.81531514073714)
696 (84.824745554036255, -334.7065899912098, -249.88184443717353)
697 (89.909668175425935, -340.53265368112108, -250.62298550569514)
698 (92.024547711117918, -342.28399389245817, -250.25944618134025)
699 (92.223002530035998, -342.63504031671761, -250.41203778668159)
700 (87.518899430452166, -338.73238548048823, -251.21348605003607)
701 (81.18352008369007, -330.94760859953652, -249.76408851584645)
702 (82.887623922391953, -332.1490956091846, -249.26147168679265)
703 (90.11575794969653, -339.65469917924133, -249.5389412295448)
704 (100.09382252152324, -349.62157960632987, -249.52775708480664)
705 (108.46489159478132, -358.4818036547494, -250.01691205996809)
706 (108.54471795366366, -358.72901184690198, -250.1842938932383)
707 (97.123828418137592, -346.70823730438235, -249.58440888624477)
708 (86.172477179965455, -334.39658562385739, -248.22410844389194)
709 (91.062197665246529, -340.8387709770422, -249.77657331179569)
710 (99.113815119503272, -349.22021179351918, -250.10639667401591)
711 (100.81537529281911, -350.24866713329249, -249.43329184047337)
712 (100.17039761349031, -350.32951653789183, -250.15911892440153)
713 (94.977778314033571, -344.05871595659562, -249.08093764256205)
714 (95.690000336488211, -345.479538397753, -249.78953806126481)
715 (97.558065958064617, -348.13929071893654, -250.58122476087192)
716 (91.220042512169698, -340.78626899860546, -249.56622648643577)
717 (88.596464785953359, -338.01311108171268, -249.41664629575934)
718 (91.898123869077267, -341.9487534382539, -250.05062956917664)
719 (93.514695610340809, -343.18911923262351, -249.67442362228269)
720 (95.150506649447834, -344.95000187327923, -249.7994952238314)
721 (95.511563840564705, -345.93621964941582, -250.42465580885113)
722 (93.188956709478916, -342.39892938329979, -249.20997267382086)
723 (95.67652994975515, -345.46959550956461, -249.79306555980946)
724 (102.43721021901213, -352.0157637218652, -249.57855350285308)
725 (108.33961551012614, -358.90450772362448, -250.56489221349835)
726 (103.21608096541581, -353.29701286531497, -250.08093189989916)
727 (95.643918056447433, -345.21665538974133, -249.5727373332939)
728 (92.726347035175891, -342.75973749811652, -250.03339046294064)
729 (91.890207597165954, -340.50197521240773, -248.61176761524177)
730 (101.58194806995895, -351.50420381791588, -249.92225574795691)
731 (109.54273964647598, -359.90676420819932, -250.36402456172334)
732 (107.95744470242448, -357.82024500327611, -249.86280030085163)
733 (100.25792293929915, -350.2793205861679, -250.02139764686876)
734 (93.330920188376751, -341.73007480106116, -248.39915461268441)
735 (95.73664448429146, -345.87125021070636, -250.13460572641492)
736 (93.455748352674362, -343.05667806410878, -249.60092971143442)
737 (89.013649325579578, -338.59731165683286, -249.58366233125327)
738 (86.493603000372133, -335.52981263956798, -249.03620963919585)
739 (89.485093910102293, -339.68188303349905, -250.19678912339674)
740 (91.439062464553132, -340.93975136591501, -249.50068890136188)
741 (93.758753629283632, -342.8146609737052, -249.05590734442157)
742 (99.311703219568301, -348.96959283237834, -249.65788961281004)
743 (101.23378849535258, -351.28514364079763, -250.05135514544503)
744 (92.915200711549971, -342.85070492621617, -249.9355042146662)
745 (85.849677928636794, -333.69296142213585, -247.84328349349906)
746 (95.546616011885064, -344.95762878339525, -249.41101277151017)
747 (104.19250558739246, -354.35929930472133, -250.16679371732886)
748 (99.703111834600449, -349.09572594826125, -249.39261411366078)
749 (93.663858774571295, -341.73691036344496, -248.07305158887368)
750 (97.222184978459481, -346.96606491338571, -249.74387993492621)
751 (96.85220991689468, -346.27105169225808, -249.4188417753634)
752 (95.579458064088271, -343.71792085166402, -248.13846278757575)
753 (101.91186125786871, -351.61854340284327, -249.70668214497456)
754 (101.69116852163295, -351.11746033387669, -249.42629181224373)
755 (94.456530973514674, -343.793656937984, -249.33712596446932)
756 (86.374826551653342, -335.39793781509343, -249.02311126344009)
757 (80.685987832888856, -329.78805715814309, -249.10206932525423)
758 (80.413883576506734, -329.05530563797686, -248.64142206147011)
759 (86.107123189546897, -335.55977595273106, -249.45265276318418)
760 (90.313588498599799, -339.39138819365326, -249.07779969505344)
761 (92.976378488516303, -342.29163925080405, -249.31526076228775)
762 (93.500343655521988, -342.32149216462824, -248.82114850910625)
763 (93.828519747775346, -343.01104806110277, -249.18252831332742)
764 (91.305775854713602, -340.52859972786331, -249.22282387314971)
765 (86.509831457261598, -335.33450044279164, -248.82466898553002)
766 (81.609219267206484, -331.07345869161782, -249.46423942441135)
767 (76.986194518143279, -324.78511856189738, -247.79892404375408)
768 (83.093739499543034, -332.48177230383777, -249.38803280429474)
769 (89.255913676155487, -338.96606707613984, -249.71015339998434)
770 (86.987455048605341, -336.11203207758842, -249.12457702898308)
771 (82.875388084886424, -331.51690998375039, -248.64152189886397)
772 (85.017135273161713, -334.74456812207779, -249.72743284891607)
773 (86.550854159605677, -335.24946871788507, -248.69861455827939)
774 (91.510361020546227, -341.14010031976414, -249.62973929921793)
775 (94.816331163067616, -344.568970107756, -249.75263894468839)
776 (94.383846842779207, -342.73836295037671, -248.3545161075975)
777 (97.831591620581406, -348.29903101194202, -250.46743939136061)
778 (95.106757566894444, -344.26731289932553, -249.1605553324311)
779 (87.837814654128152, -337.46992630630393, -249.63211165217578)
780 (79.429286627536868, -327.99082606764142, -248.56153944010455)
781 (79.669589037067908, -328.98673232043438, -249.31714328336648)
782 (81.554857882649145, -331.14036876023164, -249.58551087758249)
783 (81.988967211218466, -330.79655846721232, -248.80759125599386)
784 (85.78386793751892, -335.04578747988597, -249.26191954236705)
785 (89.248902842152503, -338.6824596974343, -249.43355685528178)
786 (88.507326010059927, -337.87931048203711, -249.37198447197719)
787 (86.496370937062494, -335.20479951866338, -248.70842858160088)
788 (91.879608791964159, -341.14440564134185, -249.26479684937769)
789 (98.613003402314078, -348.50806720845088, -249.89506380613682)
790 (96.306682291666675, -345.35034176944555, -249.04365947777887)
791 (95.77417940645374, -344.45061628728774, -248.67643688083399)
792 (101.62769771565516, -351.32819900301934, -249.70050128736418)
793 (99.185373939574944, -349.04300982246502, -249.85763588289007)
794 (87.089617755861738, -335.76780668299051, -248.67818892712876)
795 (81.309296382782222, -329.42150090173055, -248.11220451894832)
796 (88.851006045238904, -338.9309991918297, -250.07999314659079)
797 (93.577285363651839, -343.27515623403224, -249.6978708703804)
798 (92.534572420035644, -342.01583094749463, -249.48125852745898)
799 (94.087347467983719, -343.30299721781819, -249.21564974983448)
800 (96.976147130537697, -346.82324847783258, -249.84710134729488)
801 (91.753214407493772, -340.96460489445872, -249.21139048696494)
802 (87.65466373661333, -337.10981388231949, -249.45515014570617)
803 (83.037320694091065, -332.88511732621043, -249.84779663211935)
804 (74.27944673635794, -322.95868563734393, -248.67923890098598)
805 (77.059662239683149, -326.22190072117348, -249.16223848149033)
806 (89.921746039152708, -339.39779443795504, -249.47604839880233)
807 (98.896236070357332, -349.54904089385838, -250.65280482350104)
808 (94.091634968899754, -343.55111176144231, -249.45947679254255)
809 (89.226459555600329, -337.48398089718597, -248.25752134158563)
810 (93.965146637164807, -342.88463308652359, -248.91948644935877)
811 (96.19928188470233, -345.35105938376779, -249.15177749906547)
812 (92.387439900876061, -340.76903764917392, -248.38159774829785)
813 (91.568196605521322, -339.81452450381647, -248.24632789829514)
814 (93.542004714443777, -343.34749096427328, -249.8054862498295)
815 (86.548368018958769, -335.24077895474397, -248.6924109357852)
816 (78.514154028889465, -326.99936384161356, -248.48520981272409)
817 (82.140949420853403, -330.76807952618896, -248.62713010533554)
818 (92.82463322889771, -342.42540025934608, -249.60076703044837)
819 (95.078727957610184, -344.24987834977856, -249.17115039216839)
820 (90.039919421603599, -339.43080010376787, -249.39088068216427)
821 (81.916350796882597, -330.13042865669161, -248.21407785980901)
822 (85.376383715098811, -334.15460737130883, -248.77822365621)
823 (93.580188265463235, -343.23878415111756, -249.65859588565434)
824 (91.204949405426845, -340.21546458102267, -249.01051517559583)
825 (86.570324816936875, -334.89876019270991, -248.32843537577304)
826 (88.456999324878538, -338.07128580123077, -249.61428647635222)
827 (89.721016913561428, -338.44405209002889, -248.72303517646748)
828 (92.386740218540041, -341.40666069060632, -249.01992047206627)
829 (94.701930717607155, -343.43768316161999, -248.73575244401283)
830 (96.38698457677539, -345.45011080277357, -249.06312622599819)
831 (94.749216239703415, -343.25613820075756, -248.50692196105416)
832 (94.369271283146588, -343.10412761670506, -248.73485633355847)
833 (94.639953786561293, -343.30169633245038, -248.66174254588907)
834 (95.342172308614821, -344.13484512506676, -248.79267281645195)
835 (95.316316798677562, -344.35119081139396, -249.03487401271639)
836 (91.249383798159968, -340.07113608774807, -248.82175228958812)
837 (86.53572690734461, -335.34343962139775, -248.80771271405314)
838 (82.20356492950998, -331.1521286338081, -248.94856370429812)
839 (78.967915862717788, -327.31998469125131, -248.3520688285335)
840 (84.706870023859139, -333.49701313154134, -248.79014310768218)
841 (94.925739097165561, -343.79825384057096, -248.87251474340542)
842 (101.13980711026277, -350.1228901755253, -248.98308306526252)
843 (102.63796609677416, -352.20422386165575, -249.56625776488158)
844 (98.967594414584838, -347.4385523707798, -248.47095795619498)
845 (97.881446377472386, -346.98114764542805, -249.09970126795565)
846 (96.85186304132678, -345.75197070312805, -248.90010766180126)
847 (94.583238838078813, -343.37099681098249, -248.78775797290368)
848 (91.54627218990646, -340.56073612879305, -249.01446393888659)
849 (86.79142312955355, -335.80289633740455, -249.011473207851)
850 (82.244872990331231, -331.04907239176509, -248.80419940143386)
851 (83.524698316114353, -331.73656973360312, -248.21187141748877)
852 (91.718595320388417, -341.53244576732897, -249.81385044694053)
853 (92.687359142145198, -341.4106003912097, -248.7232412490645)
854 (90.578153863130964, -339.95337205822369, -249.37521819509271)
855 (84.871501222516812, -333.6694384940651, -248.79793727154828)
856 (80.627451733307538, -329.2895901054635, -248.66213837215597)
857 (79.512629654320307, -328.90219198687697, -249.38956233255666)
858 (77.570566268883056, -325.96424243012831, -248.39367616124525)
859 (82.828423877682468, -331.8918821989148, -249.06345832123233)
860 (89.922997623330133, -339.09063959072114, -249.16764196739101)
861 (93.792298197983698, -343.13061764874953, -249.33831945076582)
862 (96.085065439876743, -345.21522262009643, -249.13015718021967)
863 (94.716296412265081, -344.48664987486569, -249.77035346260061)
864 (90.336207139425454, -339.44710422114679, -249.11089708172133)
865 (91.401617319790105, -340.63888163802739, -249.23726431823729)
866 (92.17150345437814, -342.08174467485708, -249.91024122047895)
867 (87.488477407941389, -336.95784392722902, -249.46936651928763)
868 (85.87562797286003, -334.25268511833917, -248.37705714547914)
869 (92.958338423197915, -342.21020735261556, -249.25186892941764)
870 (98.556205070053608, -348.1985295483189, -249.64232447826529)
871 (96.364944180977957, -345.28470518052364, -248.9197609995457)
872 (93.689894368395542, -342.36945299032107, -248.67955862192554)
873 (96.265971206210736, -345.57068538030478, -249.30471417409404)
874 (97.83653847976872, -346.95301239186313, -249.11647391209442)
875 (95.508711532103518, -344.3366679088661, -248.82795637676259)
876 (93.558868494665049, -341.86782278084627, -248.30895428618123)
877 (96.979993645678661, -346.83571327996879, -249.85571963429012)
878 (97.194854046094818, -345.92173692714073, -248.72688288104592)
879 (98.514563170948762, -347.78636103372838, -249.27179786277964)
880 (95.442116880007447, -345.70352970976586, -250.2614128297584)
881 (85.089498970626877, -332.45558252698339, -247.3660835563565)
882 (90.641187576510305, -339.94454028084351, -249.30335270433321)
883 (98.832877690222446, -348.89441745704238, -250.06153976681992)
884 (93.856028245587794, -343.76631204903038, -249.91028380344258)
885 (79.753447133256074, -328.66879478703822, -248.91534765378213)
886 (77.128940278284716, -326.76573227126443, -249.63679199297971)
887 (80.450060796885893, -330.33684581158991, -249.886785014704)
888 (78.063993265907413, -327.04644380106708, -248.98245053515967)
889 (84.984753100030105, -334.17970969760989, -249.19495659757979)
890 (95.357137600724229, -345.53910345351363, -250.1819658527894)
891 (94.795813232209667, -344.40477161748686, -249.60895838527719)
892 (87.813750563367876, -336.76620537026406, -248.95245480689618)
893 (84.762163497782794, -333.12457908648912, -248.36241558870631)
894 (90.966899930004715, -340.87012376296707, -249.90322383296234)
895 (90.485603904098312, -340.27940885927268, -249.79380495517438)
896 (88.244483229356703, -337.13750850655748, -248.89302527720076)
897 (91.96840443552307, -342.81070173133764, -250.84229729581457)
898 (86.805958038418268, -335.15468626933506, -248.34872823091678)
899 (92.156577926781495, -342.2517906195913, -250.09521269280981)
900 (100.22709960685019, -350.86983271537696, -250.64273310852678)
901 (96.461872297381291, -346.33201697022093, -249.87014467283964)
902 (88.78067387434011, -339.53994520653754, -250.75927133219744)
903 (80.152105617979359, -329.40433498334221, -249.25222936536284)
904 (82.803684004536336, -331.67341044417617, -248.86972643963983)
905 (97.606487782821674, -348.22866099658967, -250.62217321376801)
906 (104.84001900819409, -355.53815067016336, -250.69813166196928)
907 (98.836055858054209, -348.36649699114395, -249.53044113308974)
908 (95.368435830883129, -345.04852236762605, -249.68008653674292)
909 (97.196151474756348, -346.76933326038096, -249.57318178562463)
910 (98.892139344772133, -348.77464974228224, -249.88251039751009)
911 (96.885814478926974, -346.54647913361254, -249.66066465468555)
912 (91.06164434213531, -340.93487177747386, -249.87322743533855)
913 (83.036232329288651, -332.1359926370647, -249.09976030777605)
914 (83.694803141901772, -332.70352904323732, -249.00872590133554)
915 (93.017197120922177, -343.28838541634161, -250.27118829541945)
916 (96.629270407697121, -346.67409487320964, -250.04482446551253)
917 (92.410997913010064, -342.31751780199585, -249.90651988898577)
918 (87.833616175433534, -336.98261444238085, -249.14899826694733)
919 (91.014308499963263, -340.4522026197979, -249.43789411983465)
920 (97.67964707117099, -348.13959586255015, -250.45994879137916)
921 (99.930363952103988, -349.55200513363241, -249.62164118152842)
922 (100.69606338257496, -350.98925732986959, -250.29319394729464)
923 (96.501289714116979, -346.87733682230976, -250.37604710819278)
924 (88.911276506562004, -338.24566582123549, -249.3343893146735)
925 (89.21869595698459, -338.76944556334644, -249.55074960636185)
926 (95.539820274783224, -345.45872747206323, -249.91890719728002)
927 (99.745649488240929, -349.83867144291321, -250.09302195467228)
928 (98.159418659900069, -348.3120824370788, -250.15266377717873)
929 (92.225692002501262, -341.27215399549345, -249.04646199299219)
930 (92.232552552055182, -342.44062170480316, -250.20806915274798)
931 (93.852740833507426, -344.210139466226, -250.35739863271857)
932 (94.186263340793133, -344.7515924315253, -250.56532909073218)
933 (89.258946340048894, -340.22871393967864, -250.96976759962973)
934 (84.095057200991135, -332.23939577696581, -248.14433857597467)
935 (96.139321390698754, -346.06730597076154, -249.9279845800628)
936 (105.55283409765988, -356.77149574367286, -251.21866164601298)
937 (101.03451748729312, -349.97183865405481, -248.93732116676171)
938 (91.83217406598061, -343.43022874682129, -251.59805468084068)
939 (75.309148751071362, -322.37621608986734, -247.06706733879599)
940 (84.860597081719973, -336.5928212853442, -251.73222420362424)
941 (94.056794178237809, -344.60514554617924, -250.54835136794145)
942 (94.610677048788631, -345.18938633954042, -250.57870929075179)
943 (89.753594475345992, -340.00444189653729, -250.25084742119128)
944 (86.891808746212263, -336.22960221363968, -249.33779346742742)
945 (92.485166870692055, -343.41067160471351, -250.92550473402144)
946 (94.30861735974311, -344.5994658410097, -250.29084848126661)
947 (94.764340608354658, -344.8694130963658, -250.10507248801116)
948 (96.47787505772925, -347.28532799882606, -250.80745294109681)
949 (92.864024288642213, -342.24683551713207, -249.38281122848986)
950 (95.737435349561039, -347.39811505311798, -251.66067970355692)
951 (96.21262843370647, -347.16642186606782, -250.95379343236135)
952 (92.006991232823452, -343.29707616329523, -251.29008493047178)
953 (85.590960141710099, -335.94138287790537, -250.35042273619527)
954 (84.129454041504701, -335.39988196754285, -251.27042792603817)
955 (85.183479018452289, -335.69116760379336, -250.50768858534107)
956 (88.239711655376126, -339.91983870063422, -251.68012704525808)
957 (85.045483925959161, -335.67791537807358, -250.63243145211442)
958 (82.339947961917161, -333.45071366904853, -251.11076570713135)
959 (83.177141218766565, -333.64689321544279, -250.46975199667622)
960 (92.225742781222351, -343.28418502441906, -251.05844224319671)
961 (100.84759175381311, -352.07471754530741, -251.2271257914943)
962 (102.08279625470463, -352.62810977837984, -250.54531352367519)
963 (102.12957250452794, -353.08863180528283, -250.95905930075489)
964 (97.929345045915596, -349.05699772203337, -251.12765267611778)
965 (90.660293270072572, -340.59118029703706, -249.93088702696448)
966 (90.079400857758742, -341.0811655277779, -251.00176467001916)
967 (89.68850018977875, -340.2875078879527, -250.59900769817395)
968 (86.939512597133401, -337.90734952436026, -250.96783692722687)
969 (82.184782660154653, -332.54986082415172, -250.36507816399705)
970 (81.381399531517943, -331.86156586127925, -250.48016632976129)
971 (83.540726539564915, -334.66420408369402, -251.12347754412912)
972 (84.034790309350882, -334.83852873836514, -250.80373842901426)
973 (81.640292335216017, -333.32965694827084, -251.68936461305481)
974 (74.873859613411312, -324.48778363435696, -249.61392402094566)
975 (82.049497994492313, -332.82531051096549, -250.7758125164732)
976 (93.646155705811381, -345.56210102179568, -251.91594531598429)
977 (94.371312353956483, -345.03270196365776, -250.66138960970127)
978 (95.228238409737955, -346.02442649818391, -250.79618808844594)
979 (97.117351837058607, -348.37301965906124, -251.25566782200264)
980 (93.329042523044862, -344.33070094763383, -251.00165842458898)
981 (87.911159858423716, -338.35242312359293, -250.4412632651692)
982 (89.346118895523801, -339.73613513449845, -250.39001623897465)
983 (96.458315596455762, -347.85466398497067, -251.39634838851492)
984 (96.009194909074907, -347.3325860830804, -251.32339117400551)
985 (90.411474523911835, -340.40329545263882, -249.99182092872698)
986 (91.234151933268862, -342.07937887264814, -250.84522693937927)
987 (93.912894560518495, -344.80041251757081, -250.8875179570523)
988 (95.375403536030774, -346.37157293428373, -250.99616939825296)
989 (93.108563619301179, -344.42555194182944, -251.31698832252826)
990 (85.128016651742541, -336.13148668293843, -251.00347003119589)
991 (78.877680374590668, -328.7480285355557, -249.87034816096502)
992 (85.374340292373262, -337.11262306758488, -251.73828277521162)
993 (94.351667266930718, -345.34339618072545, -250.99172891379473)
994 (99.330832027824854, -350.91430721053831, -251.58347518271347)
995 (95.301185368394755, -346.210142487013, -250.90895711861825)
996 (91.202382074719793, -341.05046244281453, -249.84808036809474)
997 (98.440525731519941, -350.68102739337962, -252.2405016618597)
998 (99.85562029119734, -351.54205028297889, -251.68642999178155)
999 (96.227284836317054, -347.58186581484955, -251.35458097853251)
