0 (69.888000000000034, -327.54587844028083, -257.6578784402808)
1 (68.273050849019427, -326.13476160376558, -257.86171075474613)
2 (63.339423471790397, -321.17886588049953, -257.83944240870915)
3 (55.407914778871763, -313.18241775163898, -257.77450297276721)
4 (45.691411709258993, -303.34652906537349, -257.65511735611449)
5 (36.165751665105745, -293.66989192297694, -257.5041402578712)
6 (29.139632856630637, -286.53082627864865, -257.39119342201803)
7 (26.267785150908136, -283.65179496362828, -257.38400981272014)
8 (27.666381983021918, -285.14698705095077, -257.48060506792888)
9 (31.951903023141863, -289.56219370139587, -257.61029067825399)
10 (37.14656010815532, -294.85353755375428, -257.70697744559897)
11 (41.667802511294724, -299.40954128219062, -257.74173877089589)
12 (44.809844872588918, -302.53440535097337, -257.72456047838443)
13 (46.732541963794908, -304.40225861762076, -257.66971665382584)
14 (48.166233619067427, -305.77286462548221, -257.60663100641477)
15 (50.036902295814457, -307.58876234278296, -257.5518600469685)
16 (53.134702987640317, -310.6581785037605, -257.52347551612019)
17 (57.865951847285807, -315.393007031698, -257.52705518441218)
18 (64.155134314981041, -321.71448686538389, -257.55935255040288)
19 (71.513941812328127, -329.11767103174793, -257.60372921941979)
20 (79.215916953362481, -336.86998776560989, -257.65407081224743)
21 (86.484988443884419, -344.17911774883464, -257.69412930495025)
22 (92.656716249233227, -350.38744812832806, -257.73073187909483)
23 (97.204899458563716, -354.96843179430613, -257.76353233574241)
24 (99.709004779865765, -357.49931985545976, -257.79031507559398)
25 (99.901152580197035, -357.70637803326213, -257.80522545306508)
26 (97.847482820697991, -355.62709606041062, -257.7796132397126)
27 (94.229581617501353, -351.9423757641772, -257.71279414667583)
28 (90.40475423714436, -348.02383598363798, -257.61908174649363)
29 (87.932496620502889, -345.51402604235813, -257.58152942185524)
30 (87.444078266467542, -345.10375376950873, -257.65967550304117)
31 (88.046716643741703, -345.79727272271094, -257.75055607896923)
32 (88.534247806442906, -346.30051233822149, -257.76626453177857)
33 (88.503257236705991, -346.26128090846964, -257.75802367176368)
34 (88.004803159462966, -345.76697467124404, -257.76217151178105)
35 (87.061999912762886, -344.82459834429852, -257.76259843153565)
36 (85.744301365889612, -343.49967897940206, -257.75537761351245)
37 (84.194742254059165, -341.94996101931611, -257.75521876525693)
38 (82.470182119032984, -340.23775629632365, -257.76757417729067)
39 (80.556499897543787, -338.3151155135896, -257.7586156160458)
40 (78.774743549135891, -336.47360090229211, -257.6988573531562)
41 (77.985308818658368, -335.63089859172936, -257.64558977307098)
42 (78.779444687237969, -336.47399342053285, -257.69454873329488)
43 (80.470302832183791, -338.26852209524236, -257.79821926305857)
44 (81.771213378066804, -339.58407683598108, -257.81286345791426)
45 (82.42756420496687, -340.16306466132539, -257.73550045635852)
46 (83.202026519209113, -340.92152689654483, -257.71950037733575)
47 (84.251920126545542, -342.03545933824694, -257.7835392117014)
48 (84.725587539364483, -342.55837592692086, -257.83278838755638)
49 (83.843400925977633, -341.6775011583324, -257.83410023235479)
50 (81.683326168124324, -339.44066054466686, -257.75733437654253)
51 (79.579108160009739, -337.1905399913465, -257.61143183133674)
52 (79.563821743292522, -337.11987761134651, -257.55605586805399)
53 (82.246603646847689, -339.94675156210775, -257.70014791526006)
54 (85.793771052069445, -343.64424433799383, -257.85047328592441)
55 (88.022113940470319, -345.89231933284248, -257.87020539237216)
56 (88.281580643071351, -346.09799635972121, -257.81641571664989)
57 (87.080393257102912, -344.85127478062429, -257.77088152352138)
58 (85.101755567717433, -342.85007742887086, -257.74832186115344)
59 (82.831005768160352, -340.56605469044791, -257.73504892228755)
60 (80.625169348504414, -338.35118107100089, -257.72601172249648)
61 (78.794301847116472, -336.51905133336686, -257.7247494862504)
62 (77.628573250865188, -335.33816802586506, -257.70959477499986)
63 (77.576344193925294, -335.23887718824744, -257.66253299432213)
64 (79.412351576769538, -337.02500921093826, -257.61265763416873)
65 (83.6327456753109, -341.28791657658667, -257.65517090127577)
66 (89.485624734170088, -347.25754978962033, -257.77192505545025)
67 (95.145519720956514, -353.03860403310716, -257.89308431215068)
68 (98.648853922673339, -356.62508498442503, -257.97623106175172)
69 (98.76717180347589, -356.72417563895374, -257.95700383547785)
70 (95.824718282671682, -353.65375754382706, -257.82903926115534)
71 (91.558029428712345, -349.27332551624312, -257.71529608753076)
72 (87.640108931273801, -345.32187668852475, -257.68176775725095)
73 (84.675145650240708, -342.37809223040915, -257.70294658016843)
74 (82.348770393964287, -340.11279738855626, -257.76402699459197)
75 (79.854117518106406, -337.66753756596808, -257.81342004786165)
76 (76.659084294782176, -334.44483748222171, -257.78575318743952)
77 (73.298186775149944, -330.97659087416667, -257.67840409901675)
78 (71.386729598807293, -328.95045128498646, -257.56372168617918)
79 (72.442926235048517, -330.02513840839362, -257.58221217334511)
80 (76.199623377626367, -333.9260999241265, -257.72647654650012)
81 (80.629840951103262, -338.48102522414007, -257.85118427303678)
82 (83.806610348434262, -341.68337234019072, -257.87676199175644)
83 (85.079942144984486, -342.91875957699921, -257.83881743201471)
84 (84.860859481075153, -342.6488594384179, -257.78799995734278)
85 (83.879812414679193, -341.64650699150337, -257.76669457682419)
86 (82.688555894343963, -340.43079255343514, -257.74223665909119)
87 (81.931899954600595, -339.60634159119917, -257.67444163659854)
88 (82.464004063661193, -340.13705423368333, -257.67305017002212)
89 (84.212471704413218, -341.97770670046668, -257.76523499605344)
90 (85.865764935663194, -343.7019453081507, -257.83618037248749)
91 (86.229384753280129, -344.08024738462876, -257.8508626313486)
92 (84.997705881330759, -342.81651300041028, -257.81880711907951)
93 (82.764651298463065, -340.50020382944513, -257.73555253098209)
94 (80.89270502439598, -338.5347089851731, -257.64200396077712)
95 (80.872591049863317, -338.46927330427542, -257.59668225441209)
96 (83.450502828724979, -341.07105434383215, -257.62055151510719)
97 (88.097966651153826, -345.82808501058861, -257.73011835943475)
98 (93.134412795391341, -350.96212443938987, -257.82771164399855)
99 (96.951274709740886, -354.79398211597783, -257.84270740623697)
100 (99.023305450397302, -356.8246791019792, -257.80137365158191)
101 (99.669089373663027, -357.42838726970047, -257.75929789603742)
102 (99.345460007603748, -357.0938788676213, -257.74841886001752)
103 (98.222748731001019, -355.97843738445118, -257.75568865345019)
104 (96.257629488447364, -354.01332577521396, -257.75569628676658)
105 (93.50716258900006, -351.24865532186027, -257.74149273286019)
106 (90.311742245532841, -348.01827199485609, -257.70652974932324)
107 (87.303543917274951, -344.96727863355466, -257.66373471627969)
108 (85.235516946205706, -342.86531625998765, -257.62979931378197)
109 (84.633800563102014, -342.26536572663696, -257.63156516353496)
110 (85.504804389600594, -343.18005292702969, -257.67524853742907)
111 (87.230497791222518, -344.97561559855939, -257.7451178073369)
112 (88.757421185359178, -346.57246016875018, -257.81503898339099)
113 (89.062652787588547, -346.90870066989294, -257.84604788230439)
114 (87.731322031828014, -345.54476348561826, -257.81344145379023)
115 (85.240304023809358, -342.99076789169658, -257.75046386788722)
116 (82.509131949671144, -340.23775777860192, -257.72862582893077)
117 (80.06096530605906, -337.80024875434844, -257.73928344828937)
118 (77.990643631960154, -335.7144097634112, -257.72376613145104)
119 (76.580682203464107, -334.2799226071657, -257.69924040370159)
120 (76.099972082007483, -333.82210937927562, -257.72213729726815)
121 (76.26821764524243, -334.03258675434301, -257.76436910910058)
122 (76.548261573916236, -334.32648095398167, -257.77821938006542)
123 (76.689566965793432, -334.46280620294596, -257.77323923715255)
124 (76.716124093696308, -334.49037092072024, -257.77424682702394)
125 (76.600722606462341, -334.39742478942276, -257.79670218296042)
126 (76.159735903054255, -333.97228299658508, -257.81254709353084)
127 (75.344086169102283, -333.13377785301071, -257.78969168390842)
128 (74.614484520884744, -332.34250520910757, -257.72802068822284)
129 (74.85550322610375, -332.53366603035806, -257.67816280425433)
130 (76.733327514630034, -334.4048513021641, -257.67152378753406)
131 (80.172636399776493, -337.88373199831562, -257.71109559853915)
132 (84.356534888488468, -342.13775415665339, -257.78121926816493)
133 (88.048754144085692, -345.88921680786927, -257.84046266378357)
134 (90.210710448950209, -348.06452559942556, -257.85381515047538)
135 (90.538332011929825, -348.3534090175516, -257.81507700562179)
136 (89.46752157628103, -347.23085320273947, -257.76333162645847)
137 (87.792697959860632, -345.50164370131534, -257.70894574145473)
138 (86.319713737134535, -343.98958621885657, -257.66987248172205)
139 (85.684618443290361, -343.3369426336663, -257.65232419037591)
140 (86.139050142742477, -343.81025583965408, -257.67120569691161)
141 (87.350648313582468, -345.07477974755909, -257.72413143397659)
142 (88.580670483882443, -346.34747805593724, -257.7668075720548)
143 (89.236216049829082, -347.00196054474804, -257.76574449491898)
144 (89.329080097997988, -347.04936938021609, -257.72028928221812)
145 (89.424264493739429, -347.1012699833127, -257.67700548957328)
146 (90.094306287002567, -347.77155871030669, -257.67725242330414)
147 (91.389996868424092, -349.09819513008591, -257.70819826166183)
148 (92.850299424072716, -350.60341475361321, -257.75311532954049)
149 (93.873994829464124, -351.66215241324022, -257.78815758377607)
150 (93.981594159485397, -351.79273363007457, -257.81113947058918)
151 (92.948720140010948, -350.7556627004717, -257.80694256046075)
152 (90.981813024391101, -348.74999447825934, -257.76818145386824)
153 (88.680778634423248, -346.41202880721545, -257.73125017279222)
154 (86.699181043959896, -344.40054390934415, -257.70136286538423)
155 (85.63509691918884, -343.29674768906892, -257.66165076988011)
156 (86.045563270632471, -343.70163841195478, -257.65607514132228)
157 (87.963713434061816, -345.67949862073124, -257.71578518666945)
158 (90.611722375895638, -348.38947416610665, -257.77775179021103)
159 (93.133207312793459, -350.91540129424391, -257.78219398145046)
160 (95.295849187576522, -353.06607430044858, -257.77022511287203)
161 (97.028110073028373, -354.82751581360156, -257.79940574057321)
162 (97.881082641054618, -355.70845554079119, -257.82737289973659)
163 (97.439495226913294, -355.25448422502984, -257.81498899811652)
164 (95.862961245556733, -353.63354342922315, -257.77058218366642)
165 (93.869622675586427, -351.59074182934035, -257.72111915375393)
166 (92.208754310862176, -349.92148725903041, -257.71273294816825)
167 (91.103774443644738, -348.84869534130712, -257.74492089766238)
168 (90.238659863550126, -348.01456283577812, -257.77590297222798)
169 (89.341713740704193, -347.09785118231434, -257.75613744161012)
170 (88.699397167967504, -346.44172778595436, -257.74233061798685)
171 (88.322432195022643, -346.15419010676777, -257.83175791174511)
172 (87.12924234724052, -345.01759440998569, -257.88835206274518)
173 (84.456828757328566, -342.26767337053889, -257.81084461321029)
174 (81.443155152719399, -339.09854668518483, -257.65539153246544)
175 (80.28251879444386, -337.841466759615, -257.55894796517111)
176 (82.221500181245375, -339.85483756315574, -257.63333738191034)
177 (86.237287660589189, -344.0196394671803, -257.78235180659112)
178 (90.133165523524397, -347.99084971400083, -257.85768419047645)
179 (92.477968406266655, -350.32516845931679, -257.84720005305013)
180 (93.030536940388515, -350.84047997380367, -257.80994303341515)
181 (92.114024155342278, -349.89494187961043, -257.78091772426814)
182 (90.157401611211327, -347.90811835818926, -257.7507167469779)
183 (87.693846612525206, -345.39677448609359, -257.7029278735684)
184 (85.526849796520978, -343.16584950511873, -257.63899970859774)
185 (84.589810324387358, -342.19638582122184, -257.60657549683447)
186 (85.294329020160347, -342.94944720157218, -257.65511818141181)
187 (86.960707096884619, -344.71855508143233, -257.75784798454771)
188 (88.192189381562883, -346.02949712033211, -257.83730773876925)
189 (87.884367684806193, -345.73212341280151, -257.84775572799532)
190 (85.921003472486888, -343.71557777755817, -257.79457430507125)
191 (83.147315596106722, -340.86158417839999, -257.71426858229324)
192 (80.836382283737564, -338.48319576231319, -257.64681347857561)
193 (80.001205014604878, -337.639342734639, -257.63813772003414)
194 (80.763655264398082, -338.46478749773769, -257.70113223333959)
195 (82.254877316989678, -340.02760523215915, -257.77272791516947)
196 (83.445619307920381, -341.23059371029143, -257.78497440237106)
197 (84.106140163978523, -341.8360539535505, -257.72991378957198)
198 (84.891956305725941, -342.56993578328229, -257.67797947755633)
199 (86.432510460675914, -344.12755039996472, -257.69503993928879)
200 (88.452168930009591, -346.20132526110575, -257.74915633109617)
201 (90.157499685074228, -347.92547306978577, -257.76797338471152)
202 (91.144819558484812, -348.89315396007606, -257.74833440159125)
203 (91.58720977682303, -349.30374519173051, -257.71653541490747)
204 (91.885840350953586, -349.5829985535978, -257.69715820264423)
205 (92.292966938651986, -349.99610934295436, -257.70314240430235)
206 (92.723995237264091, -350.44908747274047, -257.72509223547638)
207 (92.954535646555797, -350.67219676898316, -257.71766112242733)
208 (93.072237827452312, -350.75536850466216, -257.68313067720987)
209 (93.458553235728658, -351.12580826136519, -257.66725502563656)
210 (94.184704669707813, -351.88882552586136, -257.70412085615357)
211 (94.708176212814422, -352.45976637680053, -257.75159016398612)
212 (94.298181015980092, -352.0710128908799, -257.77283187489979)
213 (92.602651295497324, -350.36168418347069, -257.75903288797338)
214 (89.827167880761323, -347.54957414874207, -257.72240626798077)
215 (86.542791102490128, -344.22961450825073, -257.68682340576061)
216 (83.393249157123378, -341.050531914788, -257.65728275766463)
217 (80.9187916007062, -338.55488172360032, -257.63609012289413)
218 (79.593463629696345, -337.20910021582193, -257.61563658612556)
219 (79.758805300182559, -337.38935442954909, -257.6305491293665)
220 (81.219199254863156, -338.90035033794845, -257.6811510830853)
221 (83.347825354685853, -341.04770076963035, -257.69987541494447)
222 (85.78642069211925, -343.47138522433738, -257.68496453221815)
223 (88.523479379667137, -346.2170854780793, -257.69360609841215)
224 (91.294456668455098, -349.038792711432, -257.7443360429769)
225 (93.352089387867636, -351.14882708217772, -257.79673769431008)
226 (93.958316284848721, -351.7590393146146, -257.80072302976589)
227 (92.982643288399373, -350.73855962825093, -257.75591633985152)
228 (91.006043147643638, -348.70709593319225, -257.7010527855486)
229 (88.810864584488343, -346.4860917908789, -257.67522720639056)
230 (86.841823224310232, -344.5221766148731, -257.68035339056286)
231 (85.187115913492306, -342.87125640944163, -257.68414049594935)
232 (83.914262511221537, -341.57771647702737, -257.66345396580584)
233 (83.390245896716038, -341.01514352140276, -257.6248976246867)
234 (84.146364388671103, -341.76056406543302, -257.61419967676193)
235 (86.338747089662618, -343.98284138459923, -257.64409429493662)
236 (89.533196428705736, -347.2229522282679, -257.68975579956214)
237 (92.951306220276408, -350.68836010372087, -257.73705388344445)
238 (95.801887247099685, -353.56586590449683, -257.76397865739716)
239 (97.578157880322038, -355.33631407567088, -257.75815619534887)
240 (98.243834076326678, -355.97116991535819, -257.72733583903153)
241 (98.140708712184406, -355.8360978107691, -257.69538909858471)
242 (97.645788832954054, -355.33037463758814, -257.68458580463408)
243 (96.913354656609798, -354.61247280221721, -257.69911814560743)
244 (95.842734022498647, -353.56069482396555, -257.71796080146692)
245 (94.223559125341922, -351.95189138765721, -257.72833226231529)
246 (92.030415182897315, -349.73477415963185, -257.70435897673451)
247 (89.740919482860448, -347.38411265353227, -257.64319317067179)
248 (88.303855990149742, -345.89725961369169, -257.59340362354192)
249 (88.416199224328736, -346.0315400424987, -257.61534081816995)
250 (89.787443227918544, -347.47544076084682, -257.68799753292831)
251 (91.375087681351516, -349.12512860424943, -257.75004092289794)
252 (92.182506590463305, -349.96135352584253, -257.77884693537919)
253 (91.724567808397566, -349.4926195213385, -257.76805171294092)
254 (90.108153659604866, -347.83587454427783, -257.72772088467298)
255 (87.971807491302201, -345.63718266559084, -257.66537517428867)
256 (86.265739949460936, -343.87461366337885, -257.60887371391789)
257 (85.808850615023545, -343.40547312656065, -257.59662251153713)
258 (86.753225053243128, -344.40122870328565, -257.64800365004254)
259 (88.367616996634979, -346.10573278018808, -257.7381157835531)
260 (89.371686053483813, -347.19731789707021, -257.82563184358639)
261 (88.599492013231924, -346.45945171653904, -257.85995970330714)
262 (85.712189189454577, -343.52422228265249, -257.8120330931979)
263 (81.582905261306124, -339.28587880051441, -257.7029735392083)
264 (77.900897333126906, -335.52192798509168, -257.62103065196476)
265 (75.982361991392693, -333.6170114040396, -257.63464941264692)
266 (75.846948846357733, -333.55187099692859, -257.70492215057084)
267 (76.611291515516626, -334.36164003013727, -257.75034851462067)
268 (77.537414204032899, -335.28852686602835, -257.75111266199542)
269 (78.432855326150516, -336.1665424871797, -257.7336871610292)
270 (79.442755841225619, -337.15344644676509, -257.71069060553947)
271 (80.802996882074467, -338.50274756268527, -257.6997506806108)
272 (82.645742463075635, -340.35207796578192, -257.70633550270628)
273 (84.881430930363948, -342.6059801990682, -257.72454926870427)
274 (87.266273778297943, -345.00786274037642, -257.74158896207848)
275 (89.534822903252447, -347.29401299725117, -257.75919009399871)
276 (91.411635772307847, -349.18256572859576, -257.77092995628789)
277 (92.699335200962523, -350.46644029659672, -257.76710509563418)
278 (93.392614235259089, -351.15091084185104, -257.75829660659195)
279 (93.51051448551118, -351.27948391902436, -257.76896943351318)
280 (92.94668693501022, -350.71626498735992, -257.76957805234969)
281 (91.742344050761574, -349.48083428483727, -257.7384902340757)
282 (90.339438365257195, -348.03363992151998, -257.69420155626278)
283 (89.339109027241648, -347.00705303187692, -257.66794400463527)
284 (89.126296131016417, -346.78578495666056, -257.65948882564413)
285 (89.749864490447436, -347.42020179612337, -257.67033730567596)
286 (90.99111531012764, -348.68392352837344, -257.69280821824577)
287 (92.421708370706185, -350.1418606171614, -257.7201522464552)
288 (93.56747466741335, -351.2975133220304, -257.73003865461703)
289 (94.215478241975092, -351.92868458115788, -257.71320633918276)
290 (94.513092075264041, -352.20282846205583, -257.68973638679176)
291 (94.723326049873066, -352.40395396906553, -257.68062791919249)
292 (94.853437655047728, -352.55941616329773, -257.70597850824998)
293 (94.49847879085101, -352.25109394875966, -257.75261515790862)
294 (93.06770684723935, -350.85274055983012, -257.7850337125908)
295 (90.288755009654139, -348.04454648675807, -257.75579147710391)
296 (86.720922454718433, -344.39199871494441, -257.67107626022596)
297 (83.746996621321543, -341.3204092415462, -257.57341262022464)
298 (82.850999525084319, -340.37725935886715, -257.52625983378283)
299 (84.742517381543522, -342.30450966778579, -257.56199228624229)
300 (88.874552550113179, -346.53788701235919, -257.66333446224598)
301 (93.705632567503372, -351.47732771687311, -257.77169514936975)
302 (97.56342203034248, -355.39880772698064, -257.83538569663813)
303 (99.314253770544482, -357.17393766511344, -257.85968389456895)
304 (98.530783764670062, -356.38008611958236, -257.84930235491231)
305 (95.538504674358592, -353.31724852234385, -257.77874384798525)
306 (91.527367726165508, -349.20200072260548, -257.67463299643998)
307 (88.006206629976134, -345.65558060168394, -257.6493739717078)
308 (85.500402124274729, -343.19365524845074, -257.69325312417601)
309 (83.618866703371722, -341.31388990940098, -257.69502320602925)
310 (82.299667956119265, -339.95779922050826, -257.658131264389)
311 (81.904402709617329, -339.55108058841211, -257.64667787879478)
312 (82.498504519419669, -340.16790251821772, -257.66939799879805)
313 (83.733098411113119, -341.41889464493312, -257.68579623381999)
314 (85.249437595382076, -342.93536943851245, -257.68593184313039)
315 (86.896336991525118, -344.57756364915161, -257.6812266576265)
316 (88.590682715491297, -346.28614713847276, -257.69546442298144)
317 (90.049810164927678, -347.77257901088774, -257.72276884596005)
318 (90.844109898223081, -348.58322958833486, -257.73911969011181)
319 (90.712130394878187, -348.45421280767096, -257.7420824127928)
320 (89.657880765847082, -347.39280849294335, -257.73492772709625)
321 (87.862630796407927, -345.5836971504184, -257.72106635401047)
322 (85.688291840743815, -343.37813331177023, -257.6898414710264)
323 (83.747402800388798, -341.38871724138568, -257.64131444099689)
324 (82.794561105831306, -340.41076489842482, -257.61620379259352)
325 (83.233407564185711, -340.87107795898936, -257.63767039480365)
326 (84.871116716712237, -342.54044630052476, -257.66932958381256)
327 (87.294697559446647, -344.97832377650565, -257.68362621705899)
328 (90.214673094261229, -347.90699297614606, -257.69231988188483)
329 (93.430180322107077, -351.13211346888045, -257.7019331467734)
330 (96.680786699761143, -354.39932499166582, -257.71853829190468)
331 (99.58578435516506, -357.33474205298364, -257.74895769781858)
332 (101.55846294844315, -359.35816804974132, -257.79970510129817)
333 (101.82222380864363, -359.66559677419929, -257.84337296555566)
334 (99.861939897034958, -357.68813513614396, -257.82619523910898)
335 (96.015833112339678, -353.76092198319492, -257.74508887085523)
336 (91.651034782205542, -349.27603601903263, -257.62500123682707)
337 (88.636419699093224, -346.18014443314769, -257.54372473405448)
338 (88.164202112886684, -345.74280964095408, -257.57860752806738)
339 (89.843928503335732, -347.52970229515336, -257.68577379181761)
340 (92.221067180968717, -349.98259260008064, -257.76152541911193)
341 (94.07461478956229, -351.85357698844439, -257.77896219888208)
342 (94.86871965852599, -352.6534001163912, -257.78468045786519)
343 (94.404186212535947, -352.19128609298053, -257.7870998804446)
344 (92.71673408271748, -350.47043518740651, -257.75370110468901)
345 (90.400336792286325, -348.07528029044948, -257.67494349816315)
346 (88.577092941797233, -346.19220538724574, -257.61511244544852)
347 (88.097692748420528, -345.72854039634734, -257.63084764792683)
348 (88.829915840236907, -346.52442299134236, -257.69450715110543)
349 (89.99706597349018, -347.72607157236155, -257.72900559887137)
350 (90.980749981620818, -348.72191044480826, -257.74116046318744)
351 (91.458720703030679, -349.22290071587111, -257.76418001284043)
352 (91.147889729157143, -348.92199957381109, -257.77410984465394)
353 (90.083982982952975, -347.81101119577238, -257.72702821281939)
354 (88.941053126140417, -346.6247297976613, -257.68367667152086)
355 (88.279576760194658, -346.00190270065917, -257.72232594046454)
356 (87.705603111708115, -345.48168616107, -257.77608304936189)
357 (86.537243736754363, -344.29608913289093, -257.75884539613656)
358 (84.956041872347114, -342.64010649093086, -257.68406461858376)
359 (83.919088208039426, -341.55484533142675, -257.63575712338729)
360 (84.090701601913509, -341.75006438078952, -257.65936277887602)
361 (85.249107471526315, -342.95692802604492, -257.70782055451861)
362 (86.763138034158956, -344.48431162336476, -257.72117358920582)
363 (88.2862882167869, -345.9976345825167, -257.71134636572981)
364 (89.766379058605366, -347.4768802997387, -257.71050124113333)
365 (91.060131396104936, -348.78635321570152, -257.72622181959662)
366 (91.869221951697142, -349.6063907348605, -257.73716878316338)
367 (91.979450375118361, -349.71034498899519, -257.73089461387684)
368 (91.442711007975674, -349.15810110723612, -257.71539009926045)
369 (90.50474306876616, -348.21335585737512, -257.70861278860895)
370 (89.349597352413795, -347.06242829603525, -257.71283094362144)
371 (88.01319644873135, -345.73094142161227, -257.71774497288095)
372 (86.4575126409635, -344.1906679585619, -257.7331553175984)
373 (84.523432062808482, -342.290745891396, -257.76731382858753)
374 (82.004992281951886, -339.76299000512944, -257.75799772317754)
375 (79.450614987988217, -337.09133211448432, -257.6407171264961)
376 (78.327558082765179, -335.97380620328732, -257.64624812052216)
377 (78.64397808956231, -336.41209958384763, -257.76812149428531)
378 (79.268943568533174, -336.96930029510526, -257.70035672657207)
379 (80.7590890608286, -338.36977367279064, -257.61068461196203)
380 (84.054041899505577, -341.70742329825003, -257.65338139874444)
381 (88.553897524027931, -346.29620326920553, -257.74230574517759)
382 (92.799388959848301, -350.60309012308545, -257.80370116323718)
383 (95.678806512135608, -353.48681965836346, -257.80801314622784)
384 (96.973767564790506, -354.73033535083198, -257.7565677860415)
385 (97.206631850817942, -354.90977153766369, -257.70313968684576)
386 (97.012759702975472, -354.69714816213849, -257.68438845916302)
387 (96.750633769785495, -354.42150014067721, -257.6708663708917)
388 (96.642446941709053, -354.29827799870691, -257.65583105699784)
389 (96.799681791496624, -354.47992125359718, -257.68023946210053)
390 (96.908109815188254, -354.64584067075509, -257.73773085556684)
391 (96.314975367626303, -354.08718112710017, -257.77220575947388)
392 (94.705811450881612, -352.44872805214851, -257.74291660126687)
393 (92.605110261563965, -350.28153323419247, -257.67642297262853)
394 (90.937502025521809, -348.59974809347318, -257.6622460679514)
395 (90.020180940765627, -347.73310727031674, -257.71292632955112)
396 (89.382817398079325, -347.13350816230525, -257.75069076422591)
397 (88.542780644178748, -346.29618197734425, -257.75340133316547)
398 (87.498753948317784, -345.2199269703861, -257.72117302206834)
399 (86.767998324337711, -344.42842377860376, -257.66042545426603)
400 (87.132543184658374, -344.76675955810191, -257.63421637344356)
401 (88.806877473040828, -346.50094413623486, -257.69406666319401)
402 (90.905857722449213, -348.6909157392983, -257.78505801684912)
403 (92.114160115848193, -349.94072722665231, -257.82656711080415)
404 (91.818597963087996, -349.6064277270238, -257.7878297639358)
405 (90.470254266765693, -348.19861623290853, -257.72836196614287)
406 (88.892756960949228, -346.59832138741825, -257.70556442646904)
407 (87.563527782148512, -345.2601051018421, -257.69657731969357)
408 (86.676810304083574, -344.36794737641026, -257.69113707232668)
409 (86.282517571305277, -343.98661043921322, -257.70409286790795)
410 (86.200714190510695, -343.92379771678463, -257.72308352627397)
411 (86.102358077439348, -343.84744394267761, -257.74508586523825)
412 (85.63746988290508, -343.40760634791889, -257.77013646501382)
413 (84.497852598870551, -342.27830983425429, -257.78045723538372)
414 (82.533954968751786, -340.30909036977891, -257.77513540102711)
415 (79.947819773261969, -337.68808007874225, -257.74026030548026)
416 (77.338221426730982, -335.03994393185297, -257.70172250512201)
417 (75.337235694836764, -333.01933244178139, -257.68209674694464)
418 (74.30694925047159, -331.97552356614108, -257.6685743156695)
419 (74.466154207259535, -332.12117111700758, -257.65501690974804)
420 (75.861028493364657, -333.54243707875941, -257.68140858539476)
421 (78.030699710288047, -335.7651375885041, -257.73443787821606)
422 (80.216051796937833, -337.96417857161998, -257.74812677468213)
423 (82.114992060295833, -339.83466266790748, -257.71967060761165)
424 (84.021095152671506, -341.71606982354086, -257.69497467086933)
425 (86.126153954956095, -343.85203748787359, -257.72588353291746)
426 (87.977153950097531, -345.76283002381194, -257.7856760737144)
427 (88.771773356415707, -346.59105140271748, -257.81927804630175)
428 (88.134010519604843, -345.91727201434145, -257.78326149473662)
429 (86.613528870001318, -344.31409090919402, -257.70056203919273)
430 (85.344700752204488, -342.9954593716069, -257.65075861940238)
431 (85.007786427625987, -342.69073907052973, -257.68295264290373)
432 (85.310911391201316, -343.03553600873732, -257.72462461753599)
433 (85.770284083895802, -343.47540610025595, -257.70512201636018)
434 (86.510299793348494, -344.17244399100633, -257.66214419765782)
435 (87.957823894875759, -345.61881629091886, -257.66099239604307)
436 (90.009248096236576, -347.73836481726244, -257.72911672102589)
437 (91.760575029771061, -349.56599803324968, -257.80542300347861)
438 (92.222597989857491, -350.0443479441991, -257.82174995434161)
439 (91.2506520426479, -349.00771392182338, -257.75706187917547)
440 (89.693431906107477, -347.37826220853401, -257.68483030242652)
441 (88.544605410597512, -346.21338803354649, -257.66878262294898)
442 (88.043657586958247, -345.75368449563086, -257.7100269086726)
443 (87.74035606491681, -345.4788633108642, -257.7385072459474)
444 (87.264660930658792, -344.98382049455438, -257.71915956389557)
445 (86.845238259236126, -344.51923853305505, -257.67400027381893)
446 (87.109974698830669, -344.75376904023301, -257.64379434140233)
447 (88.46888111402221, -346.1262714268596, -257.65739031283738)
448 (90.682309881167001, -348.38706982580391, -257.70475994463692)
449 (93.016726161146678, -350.76159302717235, -257.74486686602569)
450 (94.803084176234478, -352.56319259653304, -257.76010842029859)
451 (95.709483979799757, -353.47276283839614, -257.76327885859638)
452 (95.5721011982276, -353.34614282801897, -257.77404162979138)
453 (94.2817846486994, -352.0539158696493, -257.77213122094992)
454 (91.976586759672344, -349.71657909277764, -257.73999233310531)
455 (89.238066101373633, -346.93451569139347, -257.69644959001982)
456 (86.797843559696275, -344.48070100836549, -257.68285744866921)
457 (84.9635911591336, -342.66909522174768, -257.70550406261407)
458 (83.596340685642488, -341.31183676421688, -257.7154960785744)
459 (82.590015998353522, -340.30239587105649, -257.71237987270297)
460 (81.957650618513895, -339.68097097259039, -257.72332035407646)
461 (81.580712470225777, -339.32044953064792, -257.73973706042216)
462 (81.246156892466189, -338.99070124325573, -257.74454435078951)
463 (80.859499389686277, -338.59047173553648, -257.7309723458502)
464 (80.573490831145591, -338.27700958535405, -257.70351875420846)
465 (80.66567299757719, -338.36620875102307, -257.70053575344588)
466 (81.094476040629473, -338.83101890856204, -257.7365428679326)
467 (81.357220451783689, -339.12614923197128, -257.76892878018759)
468 (81.031798354697116, -338.78819778496251, -257.75639943026539)
469 (80.321711658045615, -338.0224336069615, -257.70072194891588)
470 (79.966061916586241, -337.63361692258985, -257.66755500600362)
471 (80.441160383219511, -338.13187830199251, -257.69071791877298)
472 (81.501392348251372, -339.21675906394813, -257.71536671569675)
473 (82.770603632376492, -340.48048276010167, -257.70987912772517)
474 (84.1701659920314, -341.87333072192791, -257.70316472989651)
475 (85.622882299705864, -343.34879011588777, -257.72590781618192)
476 (86.743639292279809, -344.50760585894375, -257.76396656666395)
477 (86.996598976036921, -344.78515656725517, -257.78855759121825)
478 (86.07253154502861, -343.85794845661366, -257.78541691158506)
479 (84.12327151918582, -341.87084833778965, -257.74757681860382)
480 (81.899610044946584, -339.56666234928093, -257.66705230433433)
481 (80.721802147731566, -338.29949299008672, -257.57769084235514)
482 (81.86584517034332, -339.43084610253993, -257.5650009321966)
483 (85.437011652078581, -343.09820127133662, -257.66118961925804)
484 (89.991022702469422, -347.78298257959881, -257.79195987712939)
485 (93.520190628233649, -351.39735194573228, -257.87716131749863)
486 (94.618555946393812, -352.51446706900953, -257.8959111226157)
487 (92.954801207029632, -350.80356477810454, -257.84876357107493)
488 (89.262240346797114, -347.01938495983711, -257.75714461304)
489 (84.978000297395454, -342.64810947806228, -257.67010918066683)
490 (81.412283666741658, -339.06499201115372, -257.65270834441208)
491 (78.969965718106224, -336.66585693924071, -257.6958912211345)
492 (77.313633713619851, -335.02596324713392, -257.71232953351409)
493 (76.37819125520177, -334.04447560070281, -257.66628434550103)
494 (76.668851065071834, -334.31609619364212, -257.64724512857026)
495 (78.327773496462598, -336.02784449057464, -257.70007099411202)
496 (80.57203758468404, -338.34863076703203, -257.77659318234799)
497 (82.307872479597947, -340.1172063025449, -257.80933382294694)
498 (82.941085805444658, -340.73655365033324, -257.79546784488855)
499 (82.553232824896853, -340.31290356763969, -257.75967074274286)
500 (81.613096553167395, -339.34023561853763, -257.72713906537024)
501 (80.70865264192534, -338.39675184087696, -257.68809919895159)
502 (80.566329960632459, -338.19787808503634, -257.63154812440388)
503 (81.929985723345027, -339.54916563433773, -257.61917991099267)
504 (84.871239611832905, -342.55649978981609, -257.6852601779832)
505 (88.463121114311733, -346.22508018033034, -257.76195906601862)
506 (91.517546264335706, -349.31878471274814, -257.80123844841245)
507 (93.32832973684512, -351.1336724506553, -257.80534271381021)
508 (93.743618935469428, -351.53595646134278, -257.79233752587334)
509 (92.976152941828303, -350.74778201904286, -257.77162907721458)
510 (91.424086538780685, -349.17841714863175, -257.75433060985108)
511 (89.466332357655887, -347.21854892614135, -257.75221656848544)
512 (87.356925400633287, -345.10259235716399, -257.74566695653073)
513 (85.499166305896722, -343.20100232828656, -257.70183602238984)
514 (84.59417087168282, -342.28152302071851, -257.68735214903569)
515 (84.9207276516604, -342.63492591430969, -257.71419826264929)
516 (86.185759596179366, -343.89286040838999, -257.70710081221063)
517 (88.236859446438999, -345.93942818287951, -257.70256873644053)
518 (90.877335381644755, -348.60991863057956, -257.73258324893482)
519 (93.493682786059509, -351.2605958484242, -257.76691306236467)
520 (95.38936164076199, -353.17413233139456, -257.78477069063257)
521 (96.143629417875061, -353.92598288374609, -257.78235346587104)
522 (95.749264706550036, -353.49529487351157, -257.74603016696153)
523 (94.706352952406874, -352.39425141409998, -257.68789846169312)
524 (93.876406807633359, -351.52019923461631, -257.64379242698294)
525 (93.900866565079966, -351.56134849412177, -257.66048192904179)
526 (94.62734755327979, -352.34939075211571, -257.72204319883593)
527 (95.251866973435725, -353.02989097498318, -257.77802400154746)
528 (94.987998269392008, -352.78425025945836, -257.79625199006637)
529 (93.576752237028757, -351.34576042655829, -257.76900818952953)
530 (91.378630606811086, -349.09509208338636, -257.71646147657526)
531 (89.142477859852633, -346.80768475232333, -257.66520689247068)
532 (87.569820580686638, -345.2151744656955, -257.64535388500883)
533 (86.944889364438779, -344.60136582843319, -257.65647646399441)
534 (87.080311726696962, -344.76799660523244, -257.68768487853549)
535 (87.502294288828679, -345.22247978146811, -257.72018549263942)
536 (87.743722260479942, -345.47556811100202, -257.73184585052206)
537 (87.645290325047483, -345.35647770194828, -257.7111873769008)
538 (87.543335164040897, -345.20649286479238, -257.66315770075147)
539 (88.174633038229032, -345.78979098039525, -257.61515794216621)
540 (90.202099870054354, -347.82060769762285, -257.61850782756846)
541 (93.53536967975046, -351.23100885257435, -257.69563917282392)
542 (97.148964332492724, -354.93203719787397, -257.78307286538126)
543 (99.793656740147753, -357.62431283054224, -257.83065609039448)
544 (100.71753655476194, -358.56459485892657, -257.84705830416465)
545 (99.691446112465329, -357.54174630334103, -257.85030019087571)
546 (96.822723121018598, -354.65601114205725, -257.83328802103864)
547 (92.58157449956316, -350.37054773887053, -257.78897323930738)
548 (87.971358917779895, -345.67268123930768, -257.70132232152775)
549 (84.432877765900045, -342.0692841206278, -257.63640635472774)
550 (82.878900032319592, -340.56281355913461, -257.68391352681499)
551 (82.7319361154875, -340.51700736965262, -257.78507125416513)
552 (82.662063095707069, -340.47505061846448, -257.8129875227574)
553 (82.078880060572075, -339.85044623164538, -257.77156617107329)
554 (81.398043521740775, -339.10774660229259, -257.70970308055183)
555 (81.359656421997798, -339.03119865099256, -257.67154222899478)
556 (82.451481103315743, -340.11840675092367, -257.66692564760791)
557 (84.677511087599399, -342.37307443199848, -257.69556334439909)
558 (87.54854202109405, -345.29391285183999, -257.74537083074597)
559 (90.276712656120324, -348.06860815028699, -257.79189549416668)
560 (92.081711085059197, -349.90380026740297, -257.8220891823438)
561 (92.472637973184433, -350.29519557948981, -257.82255760630539)
562 (91.469226927638061, -349.25599382327829, -257.7867668956402)
563 (89.607514830367791, -347.35032183875006, -257.74280700838227)
564 (87.603128107258712, -345.31446072607605, -257.71133261881732)
565 (86.074780375549153, -343.76146496185095, -257.68668458630179)
566 (85.480526457480593, -343.16613712072689, -257.68561066324628)
567 (85.880600236169727, -343.60086491263246, -257.72026467646276)
568 (86.904366368324375, -344.64226301026514, -257.73789664194078)
569 (88.329932392039296, -346.04884625484289, -257.71891386280356)
570 (90.284100692545749, -347.99779698782413, -257.7136962952784)
571 (92.723083359172634, -350.46167639418434, -257.73859303501172)
572 (95.223241416720967, -352.9968124162769, -257.77357099955594)
573 (97.256028864292261, -355.05172938930127, -257.79570052500901)
574 (98.479132672823837, -356.27190784010202, -257.79277516727819)
575 (98.840659691588883, -356.62049497535929, -257.77983528377041)
576 (98.487508416684619, -356.25563374117877, -257.76812532449412)
577 (97.630047919794094, -355.37975330855943, -257.74970538876534)
578 (96.517155194905911, -354.24753563279614, -257.73038043789023)
579 (95.397786521103782, -353.11784172068502, -257.72005519958122)
580 (94.450135196894109, -352.16079960553247, -257.71066440863837)
581 (93.791620911669014, -351.50434266387168, -257.7127217522027)
582 (93.363458865298654, -351.10047384414293, -257.73701497884429)
583 (92.825931666684482, -350.59122591827116, -257.76529425158668)
584 (91.821841183859362, -349.58847772621414, -257.76663654235477)
585 (90.359758968166403, -348.09171494916956, -257.73195598100313)
586 (88.905334588061677, -346.59031295812235, -257.68497837006066)
587 (88.084792959677884, -345.74480030595657, -257.66000734627869)
588 (88.209835912668709, -345.88614961074586, -257.67631369807714)
589 (88.984834665933619, -346.71323910100944, -257.72840443507584)
590 (89.613829771361068, -347.39720584849539, -257.78337607713433)
591 (89.280356743671774, -347.08252343865547, -257.80216669498373)
592 (87.787148520822328, -345.53645494334648, -257.74930642252417)
593 (86.008503516336859, -343.64940783976425, -257.64090432342738)
594 (85.376877952672473, -342.98507197836506, -257.60819402569257)
595 (86.338818245469412, -344.02559914483447, -257.68678089936509)
596 (87.925454812023915, -345.68050846131155, -257.75505364928762)
597 (89.077490531620995, -346.83589423605548, -257.7584037044345)
598 (89.577292927012138, -347.30216625932587, -257.72487333231373)
599 (89.817810390903574, -347.51732109616319, -257.69951070525963)
600 (90.18837186166553, -347.89086399400526, -257.70249213233973)
601 (90.715298361116737, -348.45379774360748, -257.73849938249077)
602 (91.007954790741238, -348.7974459253781, -257.78949113463688)
603 (90.49464379253277, -348.31991247241257, -257.8252686798798)
604 (88.893579077378035, -346.70325659379392, -257.80967751641589)
605 (86.698378094388545, -344.42598531454462, -257.72760722015607)
606 (85.177256320054255, -342.82525468322797, -257.64799836317371)
607 (85.406051016932494, -343.07507556976924, -257.66902455283673)
608 (87.117377209435759, -344.885751795229, -257.76837458579325)
609 (89.031377326111169, -346.84725779621158, -257.81588047010041)
610 (90.422228120819042, -348.19337840366268, -257.77115028284362)
611 (91.627528842669761, -349.37462298939101, -257.74709414672122)
612 (92.874521473100231, -350.66643653815862, -257.79191506505839)
613 (93.663793079428316, -351.48692593664202, -257.82313285721369)
614 (93.466151074075526, -351.29763111315668, -257.83148003908116)
615 (92.133781777892594, -349.95692290586754, -257.82314112797496)
616 (89.977798582126169, -347.75666887320375, -257.77887029107757)
617 (87.769711208668426, -345.4983793574138, -257.72866814874538)
618 (86.378450009094465, -344.06401477027009, -257.68556476117561)
619 (86.476008513693259, -344.14544937796023, -257.66944086426696)
620 (88.182522351783135, -345.90489507075841, -257.72237271897529)
621 (90.7076958774216, -348.50785623230473, -257.80016035488313)
622 (92.910739660239301, -350.73902235823698, -257.82828269799768)
623 (94.220399412901045, -352.02558096479322, -257.80518155189219)
624 (94.779405245951622, -352.55173234752976, -257.77232710157813)
625 (94.947186852914399, -352.70495944725383, -257.75777259433943)
626 (94.891543027088517, -352.65097590137299, -257.75943287428447)
627 (94.544305159791975, -352.3159283240841, -257.77162316429212)
628 (93.724166885572714, -351.50666232405933, -257.78249543848665)
629 (92.312947366106968, -350.09241096476279, -257.77946359865581)
630 (90.409738808590362, -348.17478197485912, -257.76504316626875)
631 (88.305300072432956, -346.05526768212178, -257.74996760968884)
632 (86.289351357332777, -344.02623457721199, -257.73688321987925)
633 (84.6690688915929, -342.37391300645771, -257.70484411486484)
634 (83.925812647128424, -341.60024289261219, -257.67443024548379)
635 (84.434292252368138, -342.1180774533367, -257.68378520096854)
636 (85.993753812096145, -343.71654125703697, -257.72278744494082)
637 (87.954304678501828, -345.70671417474898, -257.75240949624714)
638 (89.706030584805632, -347.47011318641563, -257.76408260160997)
639 (90.878512451376722, -348.64438730274571, -257.76587485136901)
640 (91.331896098371075, -349.08399954698609, -257.752103448615)
641 (91.149796931166563, -348.88393892304288, -257.7341419918763)
642 (90.520510440168366, -348.24732840738687, -257.72681796721849)
643 (89.5742556490884, -347.29782190037929, -257.72356625129089)
644 (88.406911558739452, -346.11726839912529, -257.71035684038583)
645 (87.316030133074918, -344.99272537758139, -257.6766952445065)
646 (86.794742174296644, -344.45562789801079, -257.66088572371416)
647 (87.102574631129613, -344.78466010208251, -257.68208547095287)
648 (88.028412903675914, -345.74469127787779, -257.71627837420186)
649 (89.088990085094849, -346.84387211562444, -257.75488203052959)
650 (89.778414973613948, -347.54758277731673, -257.76916780370277)
651 (89.966434032107557, -347.69143381767776, -257.72499978557022)
652 (90.203654822872352, -347.87823629376533, -257.67458147089297)
653 (91.057071080471729, -348.75185559731824, -257.69478451684654)
654 (92.212926553456711, -349.97964512498504, -257.76671857152832)
655 (92.690746186033095, -350.50890721572404, -257.81816102969094)
656 (91.844816523408554, -349.63663373680129, -257.79181721339273)
657 (90.042830560990339, -347.75791813870637, -257.71508757771602)
658 (88.290098794982939, -345.96149191656963, -257.67139312158668)
659 (87.229810733949137, -344.91529965787095, -257.68548892392181)
660 (86.80413352707987, -344.51285019755977, -257.70871667047993)
661 (86.662532595792442, -344.40067521428034, -257.73814261848793)
662 (86.393677318984288, -344.170121854782, -257.77644453579774)
663 (85.583414654241636, -343.37661068299496, -257.7931960287533)
664 (84.18014827389203, -341.94239660281926, -257.76224832892723)
665 (82.763695281552458, -340.47728029738681, -257.71358501583438)
666 (82.049049557194778, -339.76397514546483, -257.71492558827003)
667 (82.127346069766759, -339.8794165984807, -257.75207052871394)
668 (82.616667656529884, -340.38000490076348, -257.76333724423358)
669 (83.304075201798256, -341.0601471945613, -257.75607199276305)
670 (84.143492751201549, -341.9083645875798, -257.76487183637823)
671 (84.949969745982401, -342.72602291981332, -257.77605317383092)
672 (85.520972450202748, -343.28951019206511, -257.76853774186236)
673 (85.875521176145, -343.62551248728801, -257.74999131114299)
674 (86.217252054703962, -343.94865307171165, -257.73140101700767)
675 (86.807142870724462, -344.5250954573479, -257.71795258662343)
676 (87.830949168094335, -345.55758360431628, -257.72663443622196)
677 (89.168563505525071, -346.93383445817335, -257.76527095264828)
678 (90.314615765864474, -348.12807082128296, -257.8134550554185)
679 (90.807710945867186, -348.61795689420416, -257.81024594833696)
680 (90.809357385142548, -348.58393113564171, -257.77457375049914)
681 (90.760066857338117, -348.55791052737391, -257.79784367003577)
682 (90.491266229466106, -348.33486289210038, -257.84359666263424)
683 (89.542660376493615, -347.37853281216485, -257.83587243567126)
684 (88.026791351431967, -345.81261725712756, -257.78582590569556)
685 (86.772048539466141, -344.47874263935086, -257.70669409988471)
686 (86.889643344808178, -344.56000113507497, -257.67035779026679)
687 (88.753841558499886, -346.51237610393127, -257.75853454543142)
688 (91.136359377368862, -349.0326790587614, -257.89631968139253)
689 (92.223866308693431, -350.14783374609391, -257.92396743740051)
690 (91.591763030703007, -349.40775880444892, -257.8159957737459)
691 (90.55639714157158, -348.25789837293519, -257.70150123136364)
692 (90.431775128089768, -348.1607364412489, -257.72896131315912)
693 (90.863752972054343, -348.69188646628106, -257.82813349422673)
694 (90.476617664909867, -348.36524232081928, -257.88862465590944)
695 (88.301316339589533, -346.20511306040009, -257.90379672081053)
696 (84.177562546738216, -342.05230935669346, -257.87474680995524)
697 (79.038640237196219, -336.76583873104937, -257.72719849385317)
698 (75.390022043633053, -332.9283690133758, -257.53834696974275)
699 (75.721461349373357, -333.30143316172587, -257.57997181235248)
700 (79.678102064087213, -337.41033843247328, -257.73223636838605)
701 (85.054609154181179, -342.86886419965703, -257.81425504547587)
702 (90.126528825244691, -347.98871928600028, -257.86219046075558)
703 (93.858371809676626, -351.74994819219756, -257.89157638252095)
704 (95.718636273760538, -353.60395194102722, -257.8853156672667)
705 (95.773790336255701, -353.61335836326475, -257.83956802700902)
706 (94.655128817140593, -352.43554802945312, -257.78041921231249)
707 (93.282096304336619, -351.01560916833381, -257.73351286399719)
708 (92.387607481733056, -350.10609320326915, -257.71848572153613)
709 (92.160495831641526, -349.89999694659247, -257.73950111495094)
710 (92.214613858918611, -350.00806901569388, -257.79345515677528)
711 (91.785692351428622, -349.62652985850701, -257.84083750707839)
712 (90.317027760911444, -348.13728893057345, -257.82026116966199)
713 (88.15892264901872, -345.9016408397348, -257.74271819071606)
714 (86.35821828889091, -344.05844479029298, -257.70022650140208)
715 (85.537654226571121, -343.26757136457098, -257.72991713799985)
716 (85.472426324227598, -343.23071008415695, -257.75828375992933)
717 (85.87738589327148, -343.61073174648811, -257.73334585321663)
718 (87.042789938391536, -344.74599835695977, -257.70320841856824)
719 (89.239888528527985, -346.98952357095123, -257.74963504242328)
720 (91.734847411497682, -349.58419846058172, -257.84935104908402)
721 (93.210459144448862, -351.10321700432524, -257.89275785987638)
722 (92.976312960779211, -350.84641226640491, -257.87009930562567)
723 (91.284638762152014, -349.10394326017462, -257.81930449802257)
724 (88.924919089106922, -346.68567508547005, -257.76075599636312)
725 (86.798510225759756, -344.5217832308648, -257.72327300510506)
726 (85.453779873584182, -343.18826111885073, -257.73448124526658)
727 (84.795109911064031, -342.55892945439842, -257.76381954333442)
728 (84.463519017779348, -342.21716867620461, -257.75364965842527)
729 (84.486380359701741, -342.20292440081437, -257.71654404111263)
730 (85.206261972213852, -342.91508630116675, -257.70882432895291)
731 (86.601392313155188, -344.34590178264148, -257.74450946948627)
732 (88.154268736195547, -345.93217080248485, -257.7779020662893)
733 (89.324055135330795, -347.11880189135843, -257.79474675602762)
734 (89.791457744418096, -347.59191825946829, -257.80046051505019)
735 (89.408457855568329, -347.20773608690274, -257.79927823133443)
736 (88.217571768575326, -345.99940958684613, -257.78183781827079)
737 (86.559811337291663, -344.30070951095121, -257.74089817365956)
738 (85.108640040082264, -342.79604317604907, -257.6874031359668)
739 (84.67228859088128, -342.32723882155466, -257.65495023067336)
740 (85.727653002931078, -343.39084636380022, -257.66319336086917)
741 (88.146621127422691, -345.83826455473434, -257.69164342731165)
742 (91.325986883869803, -349.06541897510857, -257.73943209123877)
743 (94.383940917003315, -352.17836036665892, -257.79441944965561)
744 (96.376658457639451, -354.20870542245177, -257.83204696481232)
745 (96.61958910108244, -354.46003600241869, -257.84044690133624)
746 (94.989671519081895, -352.8016322550497, -257.81196073596777)
747 (92.056982272637242, -349.79628876762257, -257.73930649498533)
748 (89.029960166408742, -346.68059772136559, -257.65063755495686)
749 (87.310154742811719, -344.90764935704254, -257.59749461423081)
750 (87.684504969180765, -345.30183114870948, -257.61732617952873)
751 (89.887237237634423, -347.56628175053595, -257.67904451290156)
752 (92.971303301948922, -350.7106983308808, -257.73939502893188)
753 (95.890331105924886, -353.67943793940287, -257.789106833478)
754 (97.765053425523064, -355.59671808401401, -257.83166465849092)
755 (97.894798140621802, -355.76243083519324, -257.86763269457145)
756 (95.792089834433995, -353.68130245754077, -257.8892126231068)
757 (91.408175560627242, -349.27341621675123, -257.865240656124)
758 (85.601153635656161, -343.34915451662698, -257.74800088097084)
759 (80.49269329502188, -338.10050783388141, -257.60781453885954)
760 (78.087655043114907, -335.73308811133001, -257.64543306821508)
761 (78.27563473121495, -335.99851451210242, -257.72287978088747)
762 (79.979306937636579, -337.7082363614382, -257.72892942380162)
763 (82.574930894205835, -340.33668790625097, -257.76175701204511)
764 (85.276098478779204, -343.09812274959762, -257.82202427081842)
765 (87.052333439892948, -344.90539612558797, -257.85306268569502)
766 (87.281982362257907, -345.13731003712854, -257.85532767487064)
767 (85.875301666678084, -343.72590248976775, -257.85060082308968)
768 (83.071366758673463, -340.89208946992784, -257.82072271125435)
769 (79.698955060810903, -337.40951911307252, -257.71056405226159)
770 (77.584423773313731, -335.16124896654225, -257.5768251932285)
771 (78.435866766346265, -336.04582290350658, -257.60995613716034)
772 (81.78371049779858, -339.55043116844502, -257.76672067064646)
773 (85.40938500012598, -343.27861565700317, -257.86923065687722)
774 (87.515924074710398, -345.39498759741718, -257.87906352270682)
775 (87.655287715806054, -345.48015699339584, -257.82486927758976)
776 (86.480813923481236, -344.21992031648074, -257.73910639299947)
777 (85.301874977818571, -342.94665747066779, -257.64478249284923)
778 (85.392849865578313, -343.01884216703462, -257.62599230145634)
779 (87.014542923774343, -344.70441901057302, -257.68987608679868)
780 (89.32733136385724, -347.07915224825371, -257.75182088439647)
781 (91.371433667405881, -349.14377182999266, -257.77233816258678)
782 (92.694526515546556, -350.46368171249958, -257.76915519695302)
783 (93.296935668212456, -351.04363333992507, -257.74669767171258)
784 (93.438672357817637, -351.1594116572407, -257.72073929942303)
785 (93.448011201406231, -351.15377778359732, -257.70576658219107)
786 (93.454668293384941, -351.17391221443006, -257.71924392104512)
787 (93.274477979044448, -351.01964064624173, -257.74516266719729)
788 (92.622988477288942, -350.3745799157835, -257.75159143849453)
789 (91.47892673751916, -349.20396666746126, -257.72503992994211)
790 (90.238676703998522, -347.93243986165709, -257.69376315765857)
791 (89.336785397927102, -347.03738246924217, -257.70059707131509)
792 (88.737137232116396, -346.47086286683663, -257.73372563472026)
793 (88.08113538258911, -345.8286932705127, -257.74755788792356)
794 (87.308026295128201, -345.02037558868045, -257.71234929355228)
795 (86.93703919408334, -344.59975231918071, -257.66271312509735)
796 (87.502152832755812, -345.18656004512042, -257.68440721236459)
797 (88.637999356083384, -346.40131320895472, -257.76331385287131)
798 (89.241876495183789, -347.05410574682764, -257.81222925164388)
799 (88.510972951076909, -346.32167663322929, -257.81070368215239)
800 (86.387631170554911, -344.17055575144298, -257.78292458088805)
801 (83.288628246226878, -341.04155682352177, -257.75292857729488)
802 (79.739645191106433, -337.47160172327028, -257.73195653216385)
803 (76.243738276883789, -333.94878598027407, -257.70504770339028)
804 (73.426374710145424, -331.08930385955296, -257.66292914940755)
805 (71.990462919881395, -329.63847832985471, -257.64801540997331)
806 (72.175528475562757, -329.8705775831354, -257.69504910757263)
807 (73.519445988882694, -331.2513853439977, -257.731939355115)
808 (75.598900579465308, -333.30799635579115, -257.70909577632585)
809 (78.54403996774532, -336.24125243634728, -257.69721246860195)
810 (82.335764994848873, -340.07830222355329, -257.74253722870441)
811 (86.257125504547275, -344.0523651872652, -257.79523968271792)
812 (89.413520515503606, -347.2322974838126, -257.81877696830901)
813 (91.320810735823741, -349.12932045480443, -257.8085097189807)
814 (92.028562612532568, -349.79836006582582, -257.76979745329322)
815 (92.042846184632495, -349.76121989124817, -257.71837370661569)
816 (92.034229207973752, -349.72506411677853, -257.69083490880479)
817 (92.337306503923273, -350.0543190367714, -257.71701253284812)
818 (92.63928277510648, -350.41508986393387, -257.77580708882738)
819 (92.221327422665311, -350.03888360680151, -257.81755618413621)
820 (90.632807285716595, -348.43830483140789, -257.80549754569131)
821 (88.18269783592693, -345.92449201646906, -257.74179418054212)
822 (85.936529459885335, -343.58547586357679, -257.64894640369147)
823 (85.27710889660861, -342.86658534486645, -257.58947644825787)
824 (86.98915658037204, -344.61464308994692, -257.6254865095749)
825 (90.534478609153751, -348.26163187896952, -257.72715326981574)
826 (94.494825956387928, -352.29375478379779, -257.7989288274099)
827 (97.700654156101379, -355.50822525676739, -257.807571100666)
828 (99.778117377413295, -357.56188002999841, -257.7837626525851)
829 (100.83571879327815, -358.61064057616738, -257.77492178288924)
830 (100.91610467482181, -358.70686076217186, -257.79075608735002)
831 (99.810529396724689, -357.62127141864175, -257.81074202191706)
832 (97.309494435186792, -355.11825275509153, -257.80875831990477)
833 (93.586580649522091, -351.35276382667644, -257.76618317715435)
834 (89.490095529399312, -347.16511306820354, -257.67501753880424)
835 (86.523474431550014, -344.11161936117634, -257.58814492962631)
836 (85.904198129542394, -343.52190755203139, -257.61770942248899)
837 (87.2572174066093, -344.99160805233316, -257.73439064572386)
838 (88.972365387843965, -346.78535502496442, -257.81298963712044)
839 (89.720884445294672, -347.54244026218316, -257.82155581688846)
840 (89.149895010749091, -346.94097934878073, -257.79108433803162)
841 (87.598299841617148, -345.34772429806202, -257.7494244564449)
842 (85.608010215378769, -343.33078631386854, -257.72277609848976)
843 (83.57989750681223, -341.30076649885962, -257.72086899204737)
844 (81.689854717654697, -339.40388268087031, -257.71402796321559)
845 (80.137121894344915, -337.82848103191895, -257.69135913757407)
846 (79.310324956725509, -336.9791855969699, -257.66886064024436)
847 (79.600200746761629, -337.2607474964916, -257.66054674972997)
848 (81.161535357167651, -338.8323567172194, -257.67082136005172)
849 (83.817047417451874, -341.50961753204882, -257.69257011459695)
850 (87.157304297327386, -344.87682502745218, -257.71952073012483)
851 (90.638329180170047, -348.39659048197336, -257.75826130180332)
852 (93.585222546649817, -351.37723979543892, -257.79201724878908)
853 (95.444484941621155, -353.23113993055938, -257.78665498893821)
854 (96.159388863902265, -353.9107352165592, -257.75134635265692)
855 (96.104273603776321, -353.82402858458198, -257.71975498080565)
856 (95.719037555615984, -353.42009665290965, -257.70105909729364)
857 (95.343477310090051, -353.03022197973826, -257.68674466964819)
858 (95.212798167156549, -352.89692782930274, -257.68412966214618)
859 (95.414409618741161, -353.10746981287457, -257.69306019413341)
860 (95.894255732413427, -353.59314141108257, -257.69888567866917)
861 (96.558388357214795, -354.27279270542112, -257.71440434820636)
862 (97.21674115827814, -354.95617847778624, -257.73943731950811)
863 (97.568225875589633, -355.32087327155222, -257.75264739596258)
864 (97.447081925355803, -355.19138450659119, -257.74430258123539)
865 (96.987515028343395, -354.70141933183265, -257.71390430348924)
866 (96.552212759622989, -354.24758397159434, -257.69537121197135)
867 (96.389515901377408, -354.08815928405568, -257.69864338267826)
868 (96.466144377987916, -354.16658430277914, -257.70043992479123)
869 (96.668976659312193, -354.381987311486, -257.71301065217381)
870 (96.755977359030453, -354.51281629673207, -257.75683893770162)
871 (96.156621414030454, -353.97682876578591, -257.82020735175547)
872 (94.192257256041373, -352.04253557551476, -257.85027831947338)
873 (90.744803772372364, -348.5502633539395, -257.80545958156711)
874 (86.797239415176975, -344.50339557614006, -257.70615616096308)
875 (83.864202988895855, -341.54804636591945, -257.68384337702361)
876 (82.492670599840736, -340.22059929424182, -257.7279286944011)
877 (82.188693545876873, -339.93777820490095, -257.74908465902411)
878 (82.336381550810131, -340.11795132486691, -257.78156977405678)
879 (82.281224128739368, -340.09344544746824, -257.81222131872886)
880 (81.514265331319123, -339.3219323920527, -257.80766706073359)
881 (80.038576271236764, -337.80708456036359, -257.76850828912683)
882 (78.398547187459656, -336.11085705482463, -257.71230986736498)
883 (77.421129696199827, -335.08831038384795, -257.66718068764811)
884 (77.780966313643162, -335.44410569686647, -257.66313938322332)
885 (79.483897953624307, -337.20710356619327, -257.72320561256896)
886 (81.646716787303149, -339.456968698325, -257.81025191102185)
887 (83.022611850692783, -340.88055074016512, -257.85793888947234)
888 (82.88862422759253, -340.72755371447971, -257.8389294868872)
889 (81.476324306580153, -339.25217393686455, -257.77584963028437)
890 (79.636422427743582, -337.36448980360609, -257.72806737586251)
891 (78.134430131143318, -335.83920035642672, -257.70477022528337)
892 (77.4898628712305, -335.15654312197734, -257.66668025074682)
893 (78.249052275916711, -335.88972407628358, -257.64067180036687)
894 (80.633323865039728, -338.31607516900829, -257.68275130396853)
895 (83.967583863752665, -341.73462503789085, -257.76704117413817)
896 (87.01538412556215, -344.84602499508452, -257.83064086952237)
897 (88.84265696950763, -346.68710116925405, -257.84444419974642)
898 (89.24104607078668, -347.06872724019217, -257.82768116940548)
899 (88.473273991468176, -346.28791899134376, -257.81464499987555)
900 (86.810549043230012, -344.61742274200117, -257.80687369877114)
901 (84.548657638156214, -342.31404031197866, -257.76538267382244)
902 (82.419136265313782, -340.10894676150519, -257.6898104961914)
903 (81.512503844821367, -339.15684358426904, -257.64433973944767)
904 (82.439857037746108, -340.12417293180971, -257.68431589406362)
905 (84.659623530938063, -342.43902975165054, -257.77940622071247)
906 (86.757223008829172, -344.64117300668806, -257.88394999785891)
907 (87.237941550266456, -345.18156984244365, -257.94362829217721)
908 (85.461610795915348, -343.34133945109465, -257.87972865517929)
909 (82.537606147907965, -340.26027369578298, -257.72266754787501)
910 (80.580903237032771, -338.24934306100295, -257.66843982397017)
911 (80.479008975626613, -338.19405609767574, -257.7150471220491)
912 (81.690366371042188, -339.43327454175466, -257.74290817071244)
913 (83.613893941229279, -341.3657927805649, -257.75189883933564)
914 (85.830924504151625, -343.62164227218847, -257.79071776803687)
915 (87.716566104305812, -345.55101730932284, -257.83445120501705)
916 (88.731941516475672, -346.55585399831045, -257.82391248183478)
917 (89.125385954592346, -346.88090477879456, -257.75551882420223)
918 (89.716487224863258, -347.45527760301536, -257.73879037815209)
919 (90.668192341343726, -348.47522368035033, -257.80703133900658)
920 (91.083738487721632, -348.95341330453726, -257.86967481681563)
921 (90.091030270251451, -347.9444828060216, -257.85345253577015)
922 (87.911254261294758, -345.66729263783293, -257.75603837653819)
923 (85.992737971401439, -343.62918659528714, -257.63644862388571)
924 (85.888348180158488, -343.5301445562605, -257.64179637610198)
925 (87.525656379265769, -345.29149522823121, -257.76583884896547)
926 (89.247571391696354, -347.11560653185967, -257.86803514016333)
927 (89.519689923880648, -347.40919630873253, -257.88950638485187)
928 (88.01210057262989, -345.84227166314207, -257.83017109051218)
929 (85.714348124922722, -343.42415242212769, -257.70980429720498)
930 (84.416042237882678, -342.04401631456369, -257.62797407668103)
931 (85.37450455517012, -343.02337035817368, -257.64886580300356)
932 (88.476164061826282, -346.18964653222577, -257.71348247039947)
933 (92.664329831765158, -350.4734010178712, -257.80907118610605)
934 (96.396032922836724, -354.28647348066397, -257.89044055782722)
935 (98.301557961160967, -356.21418831189573, -257.91263035073473)
936 (97.78946762846806, -355.69883214137917, -257.90936451291111)
937 (94.88934644773002, -352.78072378611375, -257.89137733838373)
938 (89.996680757520167, -347.84534882949339, -257.84866807197324)
939 (84.04952857865284, -341.79886137789117, -257.74933279923835)
940 (78.778564106978848, -336.38951779796474, -257.61095369098587)
941 (76.265267963512827, -333.79435869673614, -257.52909073322331)
942 (77.647466269921068, -335.23498653352624, -257.58752026360514)
943 (82.04953697416515, -339.79957603643447, -257.75003906226931)
944 (87.089981646102288, -344.97959021524474, -257.88960856914247)
945 (90.548474571452161, -348.49203106888649, -257.94355649743432)
946 (91.421481321017893, -349.3414223759728, -257.9199410549549)
947 (89.988198803605613, -347.82149189270518, -257.83329308909958)
948 (87.537924383393801, -345.25953170785124, -257.72160732445741)
949 (85.704384254022415, -343.36284670005955, -257.65846244603711)
950 (85.430556213792272, -343.11963140280551, -257.68907518901324)
951 (86.442541716667691, -344.20313184593141, -257.76059012926373)
952 (87.830924419260342, -345.62808753757298, -257.79716311831265)
953 (89.058410941855811, -346.83169927729693, -257.77328833544112)
954 (90.304362885330761, -348.03860109331708, -257.73423820798632)
955 (91.933402368783831, -349.66873841400246, -257.73533604521862)
956 (93.830603856829185, -351.60274137583144, -257.77213751900229)
957 (95.393833447842255, -353.20201403336807, -257.8081805855258)
958 (95.992997243318939, -353.816326261038, -257.82332901771906)
959 (95.317094962868055, -353.13107166224279, -257.81397669937473)
960 (93.495499953686576, -351.27351404280563, -257.77801408911904)
961 (91.070000397855082, -348.79857152064142, -257.72857112278632)
962 (88.828727292548493, -346.51699028730854, -257.68826299476007)
963 (87.403108784099473, -345.08925851103726, -257.6861497269378)
964 (86.927022107119413, -344.63962890930185, -257.71260680218245)
965 (87.124249883118878, -344.86615573673748, -257.74190585361862)
966 (87.569416241392119, -345.34384241440807, -257.77442617301597)
967 (87.762157266675558, -345.57666519137535, -257.8145079246998)
968 (87.188828927122984, -345.03297294154123, -257.84414401441825)
969 (85.623424786003326, -343.45037200338828, -257.82694721738494)
970 (83.541354092761182, -341.28961484597681, -257.74826075321562)
971 (82.195852159141651, -339.86195595601413, -257.66610379687245)
972 (82.748752361766606, -340.41352857042153, -257.66477620865493)
973 (85.192952991530404, -342.93252154511936, -257.73956855358892)
974 (88.407093651446786, -346.23452860098382, -257.82743494953706)
975 (90.981248494334736, -348.86981470618895, -257.8885662118542)
976 (91.898335271515521, -349.80363851410624, -257.90530324259072)
977 (90.950828562243672, -348.81640158888956, -257.8655730266459)
978 (88.790256477934605, -346.60625173896676, -257.81599526103219)
979 (86.163157698221056, -344.00140570902659, -257.8382480108055)
980 (83.152540319552131, -340.99473077813951, -257.84219045858737)
981 (79.990005142636491, -337.74794000175041, -257.7579348591139)
982 (77.772555683996558, -335.45772379112123, -257.6851681071247)
983 (77.401788207552613, -335.10106595091156, -257.69927774335895)
984 (78.666562987277331, -336.4153443434339, -257.74878135615654)
985 (80.767298340795847, -338.54727173953393, -257.77997339873809)
986 (83.015367618936878, -340.82083239939573, -257.80546478045886)
987 (84.850622930560718, -342.70109979884688, -257.85047686828614)
988 (85.563731530822238, -343.48046213076725, -257.91673059994503)
989 (84.575204587699275, -342.46861365756138, -257.89340906986212)
990 (82.833256756461452, -340.53569242968905, -257.70243567322757)
991 (82.628362079274495, -340.3665595035755, -257.73819742430101)
992 (83.513590455359662, -341.4883819063416, -257.97479145098191)
993 (82.649745406277006, -340.64634811019874, -257.99660270392172)
994 (79.426957880000131, -337.26272609516701, -257.83576821516687)
995 (76.110723191897748, -333.71579018828538, -257.60506699638762)
996 (75.92649540306023, -333.43607987176375, -257.50958446870351)
997 (80.007309342986318, -337.69685784243484, -257.68954849944851)
998 (86.026543174507736, -343.90865432985959, -257.88211115535182)
999 (90.891741048659185, -348.85340893175788, -257.9616678830987)
