0 (69.888000000000034, -327.54587844028083, -257.6578784402808)
1 (69.219142132281021, -327.01296892035589, -257.79382678807485)
2 (67.090473988805897, -324.88195990460588, -257.79148591579997)
3 (63.438833953231708, -321.22214032300366, -257.78330636977194)
4 (58.43988124024667, -316.20661855903484, -257.76673731878816)
5 (52.406708711217874, -310.14630101316709, -257.73959230194919)
6 (45.813044285779476, -303.51501754286056, -257.70197325708108)
7 (39.282412549141419, -296.93997042755365, -257.65755787841221)
8 (33.520269323321052, -291.13536447161744, -257.6150951482964)
9 (29.184508463582219, -286.77007873936481, -257.58557027578257)
10 (26.728256795467392, -284.30541042935948, -257.57715363389207)
11 (26.281428977318473, -283.87267542034783, -257.59124644302938)
12 (27.62701625566806, -285.24964930119302, -257.62263304552494)
13 (30.280539162896911, -287.94202413400006, -257.66148497110316)
14 (33.638907034097315, -291.33667031033366, -257.69776327623634)
15 (37.128014162197417, -294.85254899471164, -257.72453483251422)
16 (40.305576627722296, -298.0439404517781, -257.7383638240558)
17 (42.913137919728626, -300.65333916556608, -257.74020124583745)
18 (44.875797905892291, -302.60882859664264, -257.73303069075035)
19 (46.276574131347417, -303.99563801978206, -257.71906388843468)
20 (47.319826308952607, -305.02108542363948, -257.70125911468688)
21 (48.269862054451849, -305.95262401641634, -257.6827619619645)
22 (49.404120120948114, -307.07047480280005, -257.66635468185194)
23 (50.977650564571412, -308.63190479810442, -257.65425423353298)
24 (53.182834996433122, -310.83024136315487, -257.64740636672173)
25 (56.120285775559267, -313.76766108431144, -257.6473753087522)
26 (59.795035288899669, -317.44827065015909, -257.65323536125942)
27 (64.119503228484319, -321.7838370029765, -257.66433377449221)
28 (68.930260509741515, -326.60873222539971, -257.67847171565819)
29 (74.020256287255251, -331.71221770987387, -257.69196142261865)
30 (79.157078687192637, -336.86483689453331, -257.7077582073407)
31 (84.106646706258417, -341.82867327170317, -257.72202656544476)
32 (88.665909890920744, -346.39715924302783, -257.73124935210706)
33 (92.660029116016645, -350.40141154529312, -257.74138242927648)
34 (95.935390432932508, -353.68672860842145, -257.75133817548897)
35 (98.360123849194693, -356.11957524379642, -257.75945139460174)
36 (99.825059644559303, -357.5914659686967, -257.76640632413739)
37 (100.25543655210271, -358.02729766323898, -257.77186111113627)
38 (99.635294189105764, -357.40835274855965, -257.77305855945389)
39 (98.05760116988651, -355.82103409456028, -257.76343292467379)
40 (95.756881786665474, -353.50201375680581, -257.74513197014033)
41 (93.105227602794017, -350.82478621624716, -257.71955861345316)
42 (90.579963259150247, -348.27106227079469, -257.69109901164444)
43 (88.660733316276634, -346.33507913304521, -257.67434581676855)
44 (87.64622007438831, -345.32681967284668, -257.68059959845834)
45 (87.492306106492094, -345.1991139416881, -257.706807835196)
46 (87.847066052163697, -345.58385012917626, -257.73678407701254)
47 (88.292841779444004, -346.04528654341669, -257.75244476397268)
48 (88.571529643565697, -346.32641043675966, -257.75488079319393)
49 (88.619832063839866, -346.37117490445462, -257.75134284061477)
50 (88.459829206267926, -346.21031654149056, -257.7504873352226)
51 (88.104714519700579, -345.85719604739626, -257.75248152769569)
52 (87.550703294586668, -345.3042446895825, -257.75354139499586)
53 (86.807626848006137, -344.5595992595492, -257.75197241154308)
54 (85.910562218871277, -343.65979839037266, -257.74923617150137)
55 (84.905578891172979, -342.6532412686949, -257.74766237752192)
56 (83.821834368702909, -341.57097215055927, -257.74913778185635)
57 (82.652164435214914, -340.40390317889603, -257.75173874368113)
58 (81.383940572990269, -339.13379875950409, -257.74985818651385)
59 (80.067820980150245, -337.80674477795822, -257.73892379780796)
60 (78.883304852718851, -336.60230282307344, -257.71899797035462)
61 (78.126389259776062, -335.82537216374794, -257.69898290397191)
62 (78.065397765926335, -335.7601435542872, -257.69474578836088)
63 (78.741498775439098, -336.45454661547188, -257.7130478400328)
64 (79.880554984498161, -337.62447328439646, -257.74391829989827)
65 (81.036695363254012, -338.80338261151604, -257.76668724826203)
66 (81.880747260658666, -339.6483415318753, -257.76759427121664)
67 (82.394343366881813, -340.14186867999712, -257.74752531311532)
68 (82.819208247676656, -340.54631048201355, -257.72710223433688)
69 (83.3967655857506, -341.12479822983858, -257.72803264408799)
70 (84.119793727226039, -341.8650478930162, -257.74525416579013)
71 (84.740981789157956, -342.50638633484112, -257.76540454568317)
72 (84.960578707662776, -342.7373799646532, -257.77680125699044)
73 (84.566994955412042, -342.3486859839183, -257.78169102850626)
74 (83.513553255287704, -341.28735920086581, -257.77380594557809)
75 (81.977265003770086, -339.7249829437983, -257.74771794002822)
76 (80.397719961375117, -338.104504429006, -257.70678446763088)
77 (79.411767572223411, -337.08032243507552, -257.66855486285209)
78 (79.583304725343467, -337.24099193646248, -257.65768721111903)
79 (81.040425124663898, -338.7294133190602, -257.6889881943963)
80 (83.332075529256585, -341.07351330447835, -257.74143777522175)
81 (85.690521224434193, -343.4733146271426, -257.78279340270842)
82 (87.463537974278665, -345.25985614159532, -257.79631816731666)
83 (88.351572680468919, -346.14235814304811, -257.79078546257921)
84 (88.378582455828081, -346.15296542732608, -257.77438297149797)
85 (87.741862017000983, -345.50198052072926, -257.76011850372828)
86 (86.664159925408924, -344.41281243107449, -257.74865250566558)
87 (85.322332761855762, -343.06404582058241, -257.74171305872665)
88 (83.8483604303634, -341.58662731948675, -257.73826688912334)
89 (82.349889564153671, -340.08519480973104, -257.73530524557736)
90 (80.921383573078558, -338.65439764841324, -257.73301407533467)
91 (79.653133600283198, -337.38584521075558, -257.73271161047239)
92 (78.62438984510932, -336.3562317711133, -257.73184192600399)
93 (77.916526414870702, -335.64297934915191, -257.72645293428121)
94 (77.662640697465093, -335.37806875473336, -257.71542805726824)
95 (78.077345778915443, -335.77416170827394, -257.69681592935848)
96 (79.420142322537188, -337.10198538431604, -257.68184306177886)
97 (81.84623609688289, -339.53254714475622, -257.68631104787335)
98 (85.242056451146354, -342.95375310793906, -257.7116966567927)
99 (89.199010176367835, -346.94647142292672, -257.74746124655888)
100 (93.136620988029009, -350.92051616528886, -257.78389517725986)
101 (96.443528655739271, -354.26009500927665, -257.81656635353738)
102 (98.578763875613433, -356.41866902033661, -257.83990514472316)
103 (99.192327468895996, -357.03601873389215, -257.84369126499615)
104 (98.258165368371749, -356.08107778986823, -257.82291242149648)
105 (96.116637189018547, -353.89975833492758, -257.78312114590904)
106 (93.349565843917361, -351.09612762542412, -257.74656178150678)
107 (90.521851464332357, -348.24737050454235, -257.72551904020997)
108 (87.986100260832529, -345.70497987196967, -257.71887961113714)
109 (85.867949709689114, -343.58909254976237, -257.72114284007324)
110 (84.123222204276303, -341.85585196368237, -257.73262975940605)
111 (82.57690711965725, -340.32722404924255, -257.75031692958532)
112 (80.976329569278334, -338.74438044776986, -257.76805087849152)
113 (79.105860570496191, -336.87950100407488, -257.77364043357869)
114 (76.920290427421392, -334.68165855492083, -257.76136812749945)
115 (74.622921207077297, -332.3566846632653, -257.733763456188)
116 (72.657350960038684, -330.35489260423003, -257.69754164419135)
117 (71.583984542976253, -329.25106531092575, -257.66708076794953)
118 (71.849635325425993, -329.51130211403, -257.66166678860401)
119 (73.525433624459495, -331.21434163646592, -257.68890801200644)
120 (76.213570769058435, -333.94674145901786, -257.73317068995942)
121 (79.232954049051557, -337.00864755031751, -257.77569350126595)
122 (81.920182279335123, -339.72002035166088, -257.79983807232577)
123 (83.850608927884096, -341.65488400200593, -257.80427507412185)
124 (84.89247806632828, -342.68774579185146, -257.79526772552316)
125 (85.13812880939922, -342.91750111519372, -257.77937230579448)
126 (84.807629737742616, -342.57224229324527, -257.76461255550265)
127 (84.139153798496338, -341.89331132706565, -257.75415752856929)
128 (83.312041247324103, -341.06102151567882, -257.74898026835473)
129 (82.472415879164515, -340.21167620957863, -257.73926033041414)
130 (81.824643294792139, -339.54546436273051, -257.72082106793835)
131 (81.658562587570188, -339.36267481660656, -257.70411222903635)
132 (82.18280270657317, -339.89221718966951, -257.70941448309634)
133 (83.300645560961485, -341.03490008317152, -257.73425452221005)
134 (84.617022413377271, -342.38003271804126, -257.76301030466402)
135 (85.669735142567305, -343.45067865259949, -257.78094351003222)
136 (86.136891979265215, -343.92250865888644, -257.78561667962123)
137 (85.886879593995644, -343.66955663406969, -257.78267704007408)
138 (84.959947645710713, -342.73154650099468, -257.77159885528397)
139 (83.565040181800612, -341.31544234620691, -257.7504021644063)
140 (82.07035529827256, -339.79341715503762, -257.72306185676507)
141 (80.940459073095383, -338.63708246103522, -257.69662338793984)
142 (80.610894220452266, -338.29005947479163, -257.67916525433935)
143 (81.370037955313364, -339.04494057871011, -257.67490262339675)
144 (83.29588458235915, -340.98187697267332, -257.68599239031414)
145 (86.203307725442471, -343.91747484954436, -257.71416712410189)
146 (89.64071988364401, -347.39163732982433, -257.75091744618032)
147 (93.031524721156629, -350.81081757921521, -257.77929285805857)
148 (95.893777096626394, -353.68382066538334, -257.79004356875691)
149 (97.979824136760115, -355.76460733953201, -257.78478320277191)
150 (99.270901927660148, -357.04428421888849, -257.77338229122836)
151 (99.883432190212886, -357.64371084536378, -257.7602786551509)
152 (99.97159344564831, -357.72136271784217, -257.74976927219387)
153 (99.657421232355546, -357.4046876307782, -257.74726639842265)
154 (98.988909696209802, -356.73720101183505, -257.74829131562524)
155 (97.962699363892824, -355.71373400941184, -257.75103464551898)
156 (96.562724231684058, -354.31403774413627, -257.75131351245221)
157 (94.800837028107338, -352.54954942911354, -257.74871240100617)
158 (92.74484913243937, -350.48699580022463, -257.74214666778528)
159 (90.528598408736286, -348.26010502458121, -257.73150661584492)
160 (88.350255635496367, -346.06809792281945, -257.71784228732309)
161 (86.44676857652216, -344.15193238912724, -257.70516381260506)
162 (85.04981772075638, -342.74531178839032, -257.69549406763394)
163 (84.326154380677949, -342.01770698987434, -257.69155260919638)
164 (84.337437500651205, -342.03290012177069, -257.69546262111947)
165 (85.018469688501057, -342.72666795493905, -257.70819826643799)
166 (86.171271000979473, -343.8987333351763, -257.72746233419684)
167 (87.492451310344251, -345.24285812226833, -257.75040681192411)
168 (88.628985309753674, -346.4017330562491, -257.77274774649544)
169 (89.248525989505495, -347.03791353067288, -257.7893875411674)
170 (89.122825815074449, -346.91640515208076, -257.79357933700629)
171 (88.203329312644485, -345.98752782598996, -257.78419851334547)
172 (86.644579583502505, -344.41162907967151, -257.76704949616902)
173 (84.744341664387292, -342.49071099924066, -257.7463693348534)
174 (82.825602577394676, -340.56393402919838, -257.73833145180367)
175 (81.096069049068774, -338.83376168389759, -257.73769263482882)
176 (79.615071337939781, -337.35441127026309, -257.73933993232333)
177 (78.388633047294235, -336.12604822887113, -257.73741518157692)
178 (77.460312056464616, -335.19368315124575, -257.73337109478115)
179 (76.897244765193577, -334.62969156407343, -257.73244679887983)
180 (76.700826118800876, -334.43973904235742, -257.73891292355654)
181 (76.781962745600651, -334.53077622822099, -257.74881348262033)
182 (77.002126331297205, -334.75807209895447, -257.75594576765729)
183 (77.236488980026323, -334.99561226665065, -257.75912328662434)
184 (77.413303884994036, -335.17313803984496, -257.75983415485092)
185 (77.501235678827669, -335.2631737665335, -257.76193808770586)
186 (77.480143593466565, -335.24420521314477, -257.76406161967822)
187 (77.327209119837264, -335.09481366472914, -257.76760454489187)
188 (77.012124984536371, -334.78286083708258, -257.77073585254618)
189 (76.510078601992518, -334.2831678190376, -257.77308921704508)
190 (75.837696914738899, -333.60842406435205, -257.77072714961315)
191 (75.087048748814141, -332.84843246199188, -257.76138371317774)
192 (74.44264778130659, -332.18740835493821, -257.74476057363165)
193 (74.162128590026683, -331.89098039704226, -257.72885180701559)
194 (74.500244356509853, -332.21751818120362, -257.71727382469373)
195 (75.620733645210393, -333.33468008137947, -257.71394643616907)
196 (77.532701613542443, -335.25269918927341, -257.71999757573099)
197 (80.076469765516507, -337.81187017185755, -257.73540040634106)
198 (82.951072288658679, -340.70899891199019, -257.75792662333151)
199 (85.76568176966903, -343.54535210968305, -257.77967034001404)
200 (88.140386960603166, -345.93622655140427, -257.79583959080111)
201 (89.806667085055423, -347.60589782386995, -257.79923073881452)
202 (90.65707981125378, -348.45032592497887, -257.7932461137251)
203 (90.747404072634239, -348.52836209979341, -257.78095802715916)
204 (90.246047273324848, -348.01248969001455, -257.7664424166897)
205 (89.36050866134056, -347.11336345495641, -257.75285479361582)
206 (88.301504264442883, -346.04079497907617, -257.73929071463328)
207 (87.273207478914671, -344.9989727230556, -257.72576524414092)
208 (86.464897107212892, -344.18117183706403, -257.71627472985114)
209 (86.033835651919887, -343.7448231393102, -257.7109874873903)
210 (86.066558679769216, -343.77979764307912, -257.71323896330989)
211 (86.546564425800753, -344.27148017406046, -257.72491574825972)
212 (87.339466747123694, -345.07674708871036, -257.73728034158665)
213 (88.237302868315552, -345.98733815902557, -257.75003529071)
214 (89.046690408673555, -346.80438904227998, -257.75769863360642)
215 (89.65749149981653, -347.41379219161928, -257.75630069180272)
216 (90.081630579877356, -347.82942888274459, -257.74779830286724)
217 (90.437244478456307, -348.17343900501368, -257.73619452655737)
218 (90.878318805568568, -348.60683744443264, -257.7285186388641)
219 (91.510221246848957, -349.23910257338002, -257.72888132653105)
220 (92.336456700143842, -350.07037407704541, -257.73391737690156)
221 (93.256542965863645, -351.0022632138768, -257.74572024801319)
222 (94.109941776406359, -351.86641225365412, -257.75647047724777)
223 (94.739855362607386, -352.5043135366866, -257.76445817407921)
224 (95.032530563481416, -352.80177646540398, -257.76924590192255)
225 (94.927537600861697, -352.69764947590306, -257.77011187504138)
226 (94.41659030766904, -352.18373072365773, -257.76714041598871)
227 (93.542772018555624, -351.30592197107984, -257.7631499525242)
228 (92.383480874823022, -350.14362235520093, -257.76014148037791)
229 (91.028835526415207, -348.78226972154573, -257.75343419513052)
230 (89.576555202185546, -347.32187988364018, -257.74532468145463)
231 (88.164391600759657, -345.89534142678264, -257.73094982602299)
232 (86.989364914145682, -344.70588776041023, -257.71652284626452)
233 (86.270701128038041, -343.97532741423868, -257.70462628620066)
234 (86.172369811169602, -343.87501571788442, -257.70264590671479)
235 (86.722452092973867, -344.43391903482484, -257.71146694185097)
236 (87.788343446776182, -345.51434761526463, -257.72600416848843)
237 (89.162140533137574, -346.89825336381949, -257.73611283068192)
238 (90.70574641738051, -348.44105202983309, -257.73530561245258)
239 (92.397533844003718, -350.12792925195157, -257.73039540794787)
240 (94.227192360803897, -351.9628574875245, -257.73566512672062)
241 (96.069313558063584, -353.82062238134364, -257.75130882328006)
242 (97.671499545538808, -355.44052966837177, -257.76903012283299)
243 (98.741223564354215, -356.52505876642005, -257.7838352020658)
244 (99.047789461458819, -356.83721903517619, -257.78942957371737)
245 (98.491641961220623, -356.27637374854214, -257.7847317873215)
246 (97.145108133507463, -354.91317274845858, -257.76806461495113)
247 (95.265988100038697, -353.00935459653692, -257.7433664964982)
248 (93.249154037963066, -350.96454122111794, -257.71538718315486)
249 (91.521891462074109, -349.21530032170773, -257.69340885963362)
250 (90.407528270661516, -348.09531339220825, -257.68778512154677)
251 (90.015060094621845, -347.71212653252587, -257.69706643790403)
252 (90.220536426933236, -347.93865849414527, -257.71812206721205)
253 (90.729849045000137, -348.47068596456427, -257.74083691956412)
254 (91.20627077507703, -348.96200766095092, -257.75573688587389)
255 (91.400182109067529, -349.1617922630636, -257.76161015399606)
256 (91.202262620887737, -348.96296779628159, -257.76070517539387)
257 (90.592321969653185, -348.35258811216323, -257.76026614251003)
258 (89.560602023569913, -347.32059136260011, -257.7599893390302)
259 (88.130213938779775, -345.88140246261867, -257.75118852383889)
260 (86.452406915394008, -344.18293848795895, -257.73053157256493)
261 (84.839684693739187, -342.5451130994648, -257.70542840572563)
262 (83.661156588128904, -341.34886889446688, -257.68771230633797)
263 (83.190132480906797, -340.87207004344862, -257.6819375625418)
264 (83.515193841479288, -341.20221482249076, -257.68702098101147)
265 (84.559097401749682, -342.25460077137228, -257.6955033696226)
266 (86.168104958864475, -343.8726064566589, -257.70450149779441)
267 (88.164763560144593, -345.87906655016781, -257.71430299002321)
268 (90.342097503980185, -348.06943785065164, -257.72734034667144)
269 (92.459132721284746, -350.19812175692772, -257.73898903564299)
270 (94.284251666253141, -352.03341157521061, -257.74915990895749)
271 (95.644897875875699, -353.39778637135237, -257.75288849547667)
272 (96.451051706216248, -354.20321998375056, -257.75216827753434)
273 (96.702256933331753, -354.44795198214825, -257.74569504881651)
274 (96.479640800361565, -354.21423403298058, -257.73459323261903)
275 (95.942274418467804, -353.66303216824258, -257.72075774977475)
276 (95.299450862900343, -353.00587613139868, -257.70642526849832)
277 (94.755792659406595, -352.45435021347134, -257.69855755406473)
278 (94.439617918810711, -352.13978655506122, -257.70016863625051)
279 (94.338930733608578, -352.05152417035464, -257.71259343674603)
280 (94.309607552046259, -352.03887033511836, -257.7292627830721)
281 (94.142459953407666, -351.88522705288085, -257.74276709947321)
282 (93.663181323405368, -351.41225928262776, -257.7490779592224)
283 (92.806204486425003, -350.55339927824048, -257.74719479181545)
284 (91.611648664319304, -349.35162866854154, -257.73998000422222)
285 (90.19133625195073, -347.92385783206851, -257.7325215801178)
286 (88.673406801655489, -346.40060247947667, -257.72719567782121)
287 (87.149555573816158, -344.87454852220105, -257.72499294838491)
288 (85.669194448400091, -343.39480479881388, -257.72561035041377)
289 (84.254959007357172, -341.98013701400168, -257.72517800664451)
290 (82.923061364662061, -340.6486785135433, -257.72561714888127)
291 (81.684329079190519, -339.411136787825, -257.72680770863451)
292 (80.544798191623713, -338.27294843796068, -257.72815024633695)
293 (79.542285158584562, -337.26459111690144, -257.72230595831689)
294 (78.796249188604719, -336.50544555369771, -257.70919636509302)
295 (78.506305319956041, -336.20262547237331, -257.69632015241729)
296 (78.853559870723217, -336.54807217095748, -257.69451230023424)
297 (79.875553556775571, -337.57932157452558, -257.70376801775001)
298 (81.428559087069189, -339.14938618472269, -257.72082709765351)
299 (83.256584385795961, -340.99407764411478, -257.73749325831881)
300 (85.091091108475879, -342.84204370238984, -257.75095259391395)
301 (86.721179973486386, -344.47898209143591, -257.7578021179495)
302 (88.024486012477084, -345.7835363468717, -257.7590503343946)
303 (88.986102123582143, -346.73850936388345, -257.7524072403013)
304 (89.726163341647862, -347.46060111153167, -257.73443776988381)
305 (90.514076408609569, -348.2245272075038, -257.71045079889421)
306 (91.682580802484352, -349.37826770538783, -257.6956869029035)
307 (93.394380765683692, -351.1027623021443, -257.70838153646059)
308 (95.431843342922036, -353.17736476540585, -257.74552142248382)
309 (97.258020319137373, -355.03931647806127, -257.78129615892391)
310 (98.317748387077131, -356.11716132384595, -257.79941293676882)
311 (98.296417077295132, -356.09397005320767, -257.79755297591254)
312 (97.185492170235136, -354.96640741603522, -257.78091524580009)
313 (95.228738289617226, -352.98470734636641, -257.75596905674917)
314 (92.830621382832419, -350.55728123363889, -257.72665985080647)
315 (90.451098632139249, -348.15266456898974, -257.7015659368505)
316 (88.494083170163123, -346.18142919737471, -257.68734602721156)
317 (87.197112884536111, -344.88227210493392, -257.68515922039779)
318 (86.582868188840834, -344.27922736275309, -257.69635917391224)
319 (86.502213502464443, -344.21552220139478, -257.71330869893035)
320 (86.724174450275129, -344.45055125297517, -257.72637680270003)
321 (87.042604337470735, -344.77444736762277, -257.73184303015205)
322 (87.364020466609276, -345.09122843330533, -257.72720796669603)
323 (87.740577309759061, -345.45541853453346, -257.71484122477443)
324 (88.317965856974453, -346.02141987045161, -257.70345401347714)
325 (89.222379542731872, -346.92533228316296, -257.7029527404311)
326 (90.448729033142115, -348.162947374797, -257.71421834165488)
327 (91.821745275802343, -349.55582014432508, -257.73407486852273)
328 (93.056355195542437, -350.8097525870341, -257.75339739149166)
329 (93.862582231902209, -351.63111777459318, -257.76853554269098)
330 (94.034574215044557, -351.8113189600254, -257.77674474498087)
331 (93.484483662972906, -351.25926283370387, -257.77477917073099)
332 (92.250730498516788, -350.01579650829439, -257.76506600977757)
333 (90.495747646248788, -348.24592068740861, -257.75017304115983)
334 (88.489646074287748, -346.21816690679174, -257.72852083250399)
335 (86.588273260710935, -344.29313232252525, -257.70485906181432)
336 (85.165686580541248, -342.85338007680156, -257.68769349626029)
337 (84.466723602964123, -342.15719256521839, -257.69046896225427)
338 (84.446202927097929, -342.16177376990748, -257.71557084280954)
339 (84.750779018321751, -342.49986987322751, -257.74909085490577)
340 (84.891951946974771, -342.6664204513134, -257.77446850433864)
341 (84.487839697889825, -342.26892799103496, -257.7810882931451)
342 (83.421687602015211, -341.19183577234844, -257.77014817033324)
343 (81.85934766521008, -339.60500943534942, -257.74566177013935)
344 (80.169717393761744, -337.88630714063964, -257.7165897468779)
345 (78.807052514466349, -336.49799249971824, -257.69093998525187)
346 (78.179635512490194, -335.8555826299534, -257.67594711746324)
347 (78.51241998379723, -336.19236630358131, -257.67994631978411)
348 (79.746105726940826, -337.45023263531186, -257.70412690837105)
349 (81.531003562482496, -339.26940065079611, -257.7383970883136)
350 (83.365223617500931, -341.13247802760907, -257.76725441010814)
351 (84.813893434616233, -342.59086048362087, -257.77696704900461)
352 (85.671077147195547, -343.44167864170447, -257.77060149450892)
353 (85.986406700895046, -343.74117992501999, -257.75477322412496)
354 (85.966470199833168, -343.706484649233, -257.74001444939984)
355 (85.826722961481138, -343.55913816002885, -257.7324151985477)
356 (85.689891286637717, -343.41887281000754, -257.72898152336984)
357 (85.619313627599396, -343.34150527357224, -257.72219164597283)
358 (85.703816739384393, -343.41618722153544, -257.71237048215107)
359 (86.066727518500883, -343.77281893757475, -257.70609141907386)
360 (86.781504920294822, -344.49180667277938, -257.71030175248455)
361 (87.772261125948333, -345.49968239771636, -257.72742127176804)
362 (88.794563731337973, -346.54448618421947, -257.74992245288149)
363 (89.516564506080726, -347.28879881752715, -257.77223431144643)
364 (89.627811297039457, -347.41593090760324, -257.7881196105638)
365 (88.917452036280579, -346.71434624632991, -257.79689421004935)
366 (87.33412697031298, -345.12702948690276, -257.79290251658978)
367 (85.041186310593176, -342.81115208967191, -257.76996577907875)
368 (82.479632462054383, -340.20605231462667, -257.72641985257229)
369 (80.384539388978368, -338.0544815713431, -257.66994218236471)
370 (79.602023812762866, -337.23425265406416, -257.6322288413013)
371 (80.661345089055388, -338.30469432387548, -257.64334923482011)
372 (83.395436897671587, -341.09431945507424, -257.69888255740267)
373 (87.012379203833476, -344.77070508122091, -257.75832587738745)
374 (90.567528102134716, -348.36510943549212, -257.79758133335741)
375 (93.38163737962762, -351.18976547458027, -257.80812809495262)
376 (95.154490177134392, -352.95609203054192, -257.80160185340753)
377 (95.880458034996977, -353.66642540046109, -257.7859673654641)
378 (95.720702470192762, -353.49225965897517, -257.77155718878242)
379 (94.901897037338117, -352.65656100462047, -257.75466396728234)
380 (93.649667854478906, -351.39242270950746, -257.74275485502858)
381 (92.154567056355162, -349.88951304967583, -257.73494599332065)
382 (90.571901733168474, -348.30118706880501, -257.72928533563652)
383 (89.03894936828307, -346.76175787669268, -257.72280850840963)
384 (87.684917202922151, -345.40217860638921, -257.71726140346709)
385 (86.612471848032456, -344.32661789680412, -257.71414604877168)
386 (85.871588006477978, -343.5893679918924, -257.71777998541444)
387 (85.450795123017471, -343.17351435721031, -257.72271923419282)
388 (85.296420479455278, -343.023600951204, -257.72718047174874)
389 (85.359345224797664, -343.0891457407842, -257.72980051598654)
390 (85.617086898678437, -343.34536750217541, -257.72828060349696)
391 (86.06541061242325, -343.79311069549368, -257.72770008307043)
392 (86.711698955862886, -344.43819779477172, -257.72649883890881)
393 (87.575936562797494, -345.30092104240509, -257.7249844796076)
394 (88.670046120704697, -346.3951901713105, -257.72514405060582)
395 (89.953499276469529, -347.68539819977457, -257.73189892330504)
396 (91.269819114112536, -349.02011070734272, -257.7502915932302)
397 (92.330415571225188, -350.1041169236359, -257.77370135241074)
398 (92.799215519549549, -350.59141664680669, -257.79220112725716)
399 (92.416884186877937, -350.21408067066301, -257.79719648378506)
400 (91.127657728589682, -348.91249312898765, -257.78483540039798)
401 (89.129851155618809, -346.89186511228797, -257.76201395666919)
402 (86.819131121058518, -344.55236550936957, -257.73323438831108)
403 (84.655787933168725, -342.36915724164027, -257.71336930847156)
404 (83.006665171162155, -340.71141435779981, -257.70474918663763)
405 (82.083575936752496, -339.78485253872469, -257.70127660197221)
406 (82.001406062239454, -339.70263505483803, -257.70122899259854)
407 (82.810263735703728, -340.51500625295222, -257.70474251724852)
408 (84.435331088729399, -342.15634123911678, -257.72101015038737)
409 (86.635394402123268, -344.37646762280383, -257.74107322068056)
410 (89.09046079174442, -346.84538868795983, -257.75492789621541)
411 (91.538920922538381, -349.29982515669093, -257.76090423415258)
412 (93.796183004007759, -351.56709918853005, -257.77091618452232)
413 (95.663212342731782, -353.4474437931168, -257.78423145038505)
414 (96.886173020963199, -354.68271228069756, -257.79653925973435)
415 (97.241237574932555, -355.0411702033133, -257.79993262838076)
416 (96.652287159354586, -354.44450532821463, -257.79221816886002)
417 (95.233403666448766, -353.00820673015801, -257.77480306370921)
418 (93.24035496599781, -350.99671532191616, -257.75636035591833)
419 (90.985253962087441, -348.72369482354742, -257.73844086145999)
420 (88.766397842760099, -346.49115037923656, -257.72475253647644)
421 (86.827887406115551, -344.54633262930412, -257.71844522318855)
422 (85.334499881850476, -343.04840373602758, -257.71390385417709)
423 (84.389749540892197, -342.09822812393548, -257.7084785830433)
424 (84.095563661837318, -341.79573555080481, -257.70017188896747)
425 (84.5740033222487, -342.26877747088827, -257.69477414863957)
426 (85.879182062994815, -343.5800531730327, -257.70087111003789)
427 (87.868012258464546, -345.5917073885584, -257.72369513009386)
428 (90.187446241383384, -347.93515481146352, -257.74770857008014)
429 (92.423543887323433, -350.18702756742528, -257.76348368010184)
430 (94.289590296251276, -352.05833364633327, -257.76874335008199)
431 (95.684331528430377, -353.44878793183955, -257.76445640340916)
432 (96.623038206540954, -354.38240823048318, -257.75937002394221)
433 (97.137281089822153, -354.89927820558324, -257.76199711576112)
434 (97.206012618887371, -354.9725707020213, -257.76655808313393)
435 (96.76805532743542, -354.53997515835965, -257.77191983092422)
436 (95.792127515462951, -353.56283510753161, -257.77070759206867)
437 (94.368774348320713, -352.1251013756447, -257.75632702732401)
438 (92.751982508914949, -350.48798483486445, -257.73600232594947)
439 (91.283168673184093, -349.00425049493464, -257.72108182175054)
440 (90.205625089895491, -347.92948840094851, -257.72386331105304)
441 (89.525430252066855, -347.26649820922739, -257.74106795716057)
442 (89.070566023742856, -346.82474100246964, -257.75417497872678)
443 (88.676273679630071, -346.43385112955258, -257.75757744992251)
444 (88.28702868437388, -346.0440731762526, -257.75704449187873)
445 (87.893871058698025, -345.65737894034896, -257.76350788165092)
446 (87.465632662571707, -345.23311839404431, -257.76748573147262)
447 (87.019700095333164, -344.77563432026784, -257.75593422493466)
448 (86.773740437566033, -344.50090245770912, -257.72716202014306)
449 (87.12390381423991, -344.83031345486791, -257.70640964062801)
450 (88.300258435948876, -346.02249249605217, -257.72223406010329)
451 (90.05502798440186, -347.81522534433913, -257.76019735993725)
452 (91.808441960871122, -349.59825241128431, -257.7898104504132)
453 (93.056309264522014, -350.85112796658365, -257.79481870206166)
454 (93.601752764984923, -351.38641716040769, -257.78466439542274)
455 (93.519656597152903, -351.28596754013944, -257.76631094298654)
456 (93.012874522959393, -350.76390181532611, -257.7510272923667)
457 (92.277427203072136, -350.02117986595198, -257.74375266287984)
458 (91.422143891575828, -349.16580633030384, -257.74366243872799)
459 (90.46711770455434, -348.21481164665209, -257.74769394209773)
460 (89.398630524211015, -347.14647993197656, -257.74784940776556)
461 (88.259762847350771, -345.99883328234364, -257.73907043499287)
462 (87.210065057170794, -344.93360141315009, -257.72353635597926)
463 (86.496246993656712, -344.20261915558694, -257.70637216193023)
464 (86.363788082382939, -344.06043374825117, -257.69664566586823)
465 (86.938805819517057, -344.63957654895961, -257.70077072944252)
466 (88.144866633116379, -345.86150359837848, -257.71663696526207)
467 (89.725238419838263, -347.46089628550601, -257.73565786566775)
468 (91.340224499444318, -349.09386146216752, -257.75363696272319)
469 (92.677296633338699, -350.4434971650702, -257.7662005317315)
470 (93.517262920885557, -351.28858523144726, -257.77132231056169)
471 (93.746475564941136, -351.51883774504648, -257.77236218010535)
472 (93.337892459733396, -351.10811226514488, -257.7702198054115)
473 (92.328340271861791, -350.09420889290675, -257.76586862104494)
474 (90.811625847050564, -348.57122059753669, -257.75959475048614)
475 (88.939383993367613, -346.68701778851863, -257.74763379515105)
476 (86.930309571453023, -344.66145018921236, -257.73114061775937)
477 (85.07431953382023, -342.78591174845576, -257.71159221463552)
478 (83.702831928413957, -341.39611029534944, -257.69327836693549)
479 (83.112992308794333, -340.79490361586119, -257.68191130706685)
480 (83.490103620136011, -341.1701633309462, -257.68005971081016)
481 (84.860740899430581, -342.55051546337438, -257.68977456394379)
482 (87.071233375767576, -344.78145438766614, -257.71022101189857)
483 (89.808714732612046, -347.54297831630913, -257.7342635836971)
484 (92.67799874922521, -350.43665969773548, -257.75866094851028)
485 (95.295267716791585, -353.07168345415494, -257.77641573736332)
486 (97.366192220775773, -355.15314684439693, -257.78695462362117)
487 (98.723012111221536, -356.51412565065323, -257.79111353943171)
488 (99.309059815814095, -357.09895092400291, -257.78989110818884)
489 (99.174962028482142, -356.95702387250935, -257.78206184402723)
490 (98.481908257093309, -356.25183996992348, -257.76993171283016)
491 (97.456728700648426, -355.21309846733971, -257.75636976669125)
492 (96.321351795988136, -354.07014766271067, -257.7487958667225)
493 (95.235353455038108, -352.97976162036161, -257.74440816532353)
494 (94.283456896923113, -352.02479647953021, -257.74133958260711)
495 (93.516946506133934, -351.25447048386633, -257.73752397773239)
496 (92.986359446390054, -350.72190425139132, -257.73554480500127)
497 (92.70356153269266, -350.44570849874549, -257.74214696605281)
498 (92.568116290605829, -350.32285160132778, -257.75473531072197)
499 (92.359823596868324, -350.12912273778392, -257.76929914091556)
500 (91.853593455967541, -349.62928305112979, -257.77568959516225)
501 (90.957477509517176, -348.72628754927928, -257.76881003976212)
502 (89.760728978577816, -347.51519585916287, -257.75446688058503)
503 (88.468214565137941, -346.20974815265129, -257.74153358751335)
504 (87.282939256855556, -345.01993122042137, -257.7369919635658)
505 (86.314444467959618, -344.05520224787836, -257.74075777991874)
506 (85.527568301981319, -343.28405104831393, -257.75648274633261)
507 (84.747868080836412, -342.5231603766519, -257.77529229581546)
508 (83.7414605281284, -341.53066025870334, -257.78919973057492)
509 (82.39198703469242, -340.172118738927, -257.78013170423458)
510 (80.925804853511664, -338.66587823299182, -257.74007337948012)
511 (79.950272674875336, -337.6448104836644, -257.69453780878905)
512 (80.066679081776101, -337.7556469155997, -257.6889678338236)
513 (81.340601749625264, -339.06248126457484, -257.72187951494959)
514 (83.272947291380035, -341.03243457574968, -257.75948728436964)
515 (85.270115426209713, -343.04430588320753, -257.77419045699781)
516 (86.990781769295879, -344.76278817954341, -257.77200641024751)
517 (88.334937034043605, -346.10118227452864, -257.76624524048503)
518 (89.308366681416175, -347.06972146936414, -257.76135478794799)
519 (89.93936280685422, -347.69865862740778, -257.75929582055358)
520 (90.255558698468903, -348.00962150368531, -257.75406280521639)
521 (90.298980366734284, -348.04746656306241, -257.74848619632814)
522 (90.141705930536858, -347.88358102914037, -257.74187509860349)
523 (89.858365979116286, -347.59687172209061, -257.73850574297433)
524 (89.496742336814336, -347.23621936429822, -257.73947702748387)
525 (89.051328263154474, -346.79803823509297, -257.74670997193851)
526 (88.434724824609091, -346.19381075276641, -257.75908592815733)
527 (87.498799321889408, -345.26936125975186, -257.77056193786245)
528 (86.12385897038348, -343.89694595291718, -257.7730869825337)
529 (84.344119427734697, -342.1043399227882, -257.76022049505349)
530 (82.417433956354643, -340.15092072689458, -257.73348677053991)
531 (80.748614337967467, -338.46092320496842, -257.71230886700096)
532 (79.685537075411688, -337.39080770384237, -257.7052706284307)
533 (79.365625697238471, -337.07506816572152, -257.70944246848308)
534 (79.739375447578809, -337.45290500038982, -257.713529552811)
535 (80.692172074431525, -338.40916215564079, -257.71699008120925)
536 (82.109860320283389, -339.83241790306414, -257.72255758278072)
537 (83.847810832485692, -341.58400837423028, -257.73619754174456)
538 (85.68493923108781, -343.43641879907392, -257.75147956798611)
539 (87.365397991437064, -345.1268153809408, -257.76141738950372)
540 (88.688073750707161, -346.45422648855458, -257.76615273784739)
541 (89.557795658571678, -347.32086860234176, -257.76307294377011)
542 (89.975471395167617, -347.73176711034398, -257.75629571517635)
543 (90.018143042411026, -347.76332908066809, -257.74518603825709)
544 (89.840374293310759, -347.57034684331342, -257.72997255000269)
545 (89.639829904036532, -347.3605133601842, -257.72068345614764)
546 (89.563598455700287, -347.28258125764972, -257.71898280194944)
547 (89.606785026834245, -347.33630205202087, -257.72951702518662)
548 (89.610669120617999, -347.35283788760415, -257.74216876698614)
549 (89.379263298170343, -347.12768570646392, -257.74842240829355)
550 (88.804399153621517, -346.55029963669318, -257.74590048307164)
551 (87.913530678117496, -345.64915101572609, -257.73562033760857)
552 (86.840650174523333, -344.56451823852785, -257.72386806400453)
553 (85.780686889552044, -343.48986498220472, -257.70917809265268)
554 (84.945923391143623, -342.64459970226574, -257.69867631112209)
555 (84.495692051755142, -342.19007169956205, -257.6943796478069)
556 (84.473879625752517, -342.17398377497085, -257.7001041492183)
557 (84.792658701250431, -342.50433914144708, -257.71168044019663)
558 (85.271988254524032, -342.99672663311264, -257.7247383785886)
559 (85.728471714251214, -343.46104789253445, -257.73257617828324)
560 (86.058326781677522, -343.78964769668454, -257.73132091500702)
561 (86.259206206365164, -343.98557597566764, -257.72636976930249)
562 (86.390159536423027, -344.11166925588708, -257.72150971946405)
563 (86.499283695567613, -344.22243030615482, -257.72314661058721)
564 (86.573350803501128, -344.30058282077255, -257.72723201727143)
565 (86.551096269786399, -344.28426369598202, -257.73316742619562)
566 (86.382827781664972, -344.11684273593346, -257.7340149542685)
567 (86.09288822289453, -343.82121112108706, -257.72832289819252)
568 (85.819492226305016, -343.53326840449046, -257.71377617818541)
569 (85.804726272394063, -343.50185860839088, -257.6971323359968)
570 (86.299646975374401, -343.98860559451424, -257.68895861913984)
571 (87.414131356462761, -345.11050253085563, -257.69637117439288)
572 (89.015053751926814, -346.73069615480534, -257.71564240287853)
573 (90.798022298094494, -348.53364804739692, -257.73562574930241)
574 (92.463282056411771, -350.20816845051979, -257.74488639410799)
575 (93.840976610143969, -351.58520494774569, -257.74422833760173)
576 (94.905237293842887, -352.64339287099386, -257.73815557715096)
577 (95.694664343263156, -353.43002169439086, -257.73535735112773)
578 (96.218499495106343, -353.95647242172896, -257.7379729266226)
579 (96.412345144671875, -354.15567998742353, -257.74333484275166)
580 (96.200543448289977, -353.94488291159098, -257.744339463301)
581 (95.594931266357676, -353.32965259059426, -257.7347213242366)
582 (94.745455311406602, -352.46258585030364, -257.71713053889704)
583 (93.910441992530451, -351.60872319630965, -257.69828120377917)
584 (93.350322015590208, -351.03926046426545, -257.68893844867523)
585 (93.207434442259881, -350.89725915346389, -257.68982471120398)
586 (93.454213938067866, -351.15431115491049, -257.70009721684261)
587 (93.946078838171601, -351.65733061312761, -257.711251774956)
588 (94.513687928682501, -352.23331781816012, -257.71962988947763)
589 (95.020991128658025, -352.74557859530694, -257.72458746664893)
590 (95.371334712072255, -353.09977141458211, -257.72843670250984)
591 (95.480242387615377, -353.21469602667213, -257.73445363905677)
592 (95.265699298101552, -353.00472921021998, -257.73902991211844)
593 (94.668338468668665, -352.40994521652061, -257.74160674785196)
594 (93.676714074032006, -351.41667984534172, -257.7399657713097)
595 (92.342041006400962, -350.07837374622801, -257.73633273982705)
596 (90.763871663040746, -348.49382176763106, -257.72995010459033)
597 (89.063338696213506, -346.78717173416226, -257.72383303794874)
598 (87.381691965239099, -345.094424718965, -257.7127327537259)
599 (85.911090215022853, -343.60694045025991, -257.69585023523706)
600 (84.912334608790118, -342.5903859518229, -257.67805134303279)
601 (84.658189749080876, -342.3240307706015, -257.66584102152063)
602 (85.314519675732384, -342.98281710630073, -257.66829743056837)
603 (86.831431856191145, -344.5172548469655, -257.68582299077434)
604 (88.930208037889557, -346.64046378380425, -257.71025574591471)
605 (91.211016042908724, -348.94583904227886, -257.73482299937012)
606 (93.299433358197973, -351.04777174117527, -257.74833838297729)
607 (94.95056999002189, -352.69882760120538, -257.74825761118348)
608 (96.072647654072, -353.81667112621233, -257.74402347214033)
609 (96.707864371776353, -354.43994051840201, -257.73207614662567)
610 (96.996997253700982, -354.71519856657073, -257.71820131286972)
611 (97.122293095547249, -354.8285570862671, -257.70626399071983)
612 (97.248597983341583, -354.94734862840801, -257.69875064506641)
613 (97.471335801709046, -355.17016532915864, -257.69882952744956)
614 (97.792999824080468, -355.49741279769967, -257.70441297361918)
615 (98.1358281542323, -355.84865069073925, -257.71282253650696)
616 (98.368896441458517, -356.0912152344489, -257.72231879299039)
617 (98.345773527502473, -356.07743741616287, -257.73166388866036)
618 (97.949865334912474, -355.68374718377027, -257.73388184885778)
619 (97.127428141296406, -354.86244908999691, -257.73502094870048)
620 (95.896303652801805, -353.62783126215658, -257.73152760935477)
621 (94.331694248455733, -352.05797056158588, -257.72627631313014)
622 (92.520697281220819, -350.246448430182, -257.72575114896119)
623 (90.508755660368962, -348.23890496505192, -257.73014930468298)
624 (88.293182735386125, -346.02674721267726, -257.73356447729111)
625 (85.862791730344213, -343.59755892348039, -257.73476719313618)
626 (83.253772191008963, -340.98465406233089, -257.73088187132191)
627 (80.589202480235798, -338.30924507169368, -257.72004259145785)
628 (78.100431174326744, -335.80234483993974, -257.70191366561301)
629 (76.105468340611765, -333.78694916654388, -257.68148082593211)
630 (74.922362880526464, -332.59059844559692, -257.66823556507046)
631 (74.762197329823707, -332.42894702519658, -257.66674969537286)
632 (75.661790240116446, -333.3380168063315, -257.67622656621506)
633 (77.47399185853709, -335.16701827304485, -257.69302641450776)
634 (79.915976158726849, -337.63005808322561, -257.71408192449877)
635 (82.638235341860934, -340.37360804520165, -257.73537270334072)
636 (85.282927254222386, -343.03694992891695, -257.75402267469457)
637 (87.545864878410541, -345.31193655889592, -257.76607168048537)
638 (89.221487322652436, -346.9923472870351, -257.77085996438268)
639 (90.202092477131004, -347.97503865834, -257.77294618120902)
640 (90.441596727870845, -348.21670771100247, -257.77511098313164)
641 (89.913548558252074, -347.69249441960289, -257.77894586135085)
642 (88.594459019487303, -346.37557114334135, -257.78111212385403)
643 (86.506307038174143, -344.28147896299299, -257.77517192481884)
644 (83.782834782167399, -341.54278964732322, -257.75995486515581)
645 (80.711728232062015, -338.44726904070495, -257.73554080864295)
646 (77.719024630848338, -335.42566751636565, -257.70664288551734)
647 (75.269814324884265, -332.95392678892654, -257.6841124640423)
648 (73.718461092022636, -331.39549518627695, -257.67703409425428)
649 (73.201283492765413, -330.88688699090903, -257.68560349814362)
650 (73.612355507904212, -331.31711825321332, -257.7047627453091)
651 (74.682477663761702, -332.4063195076701, -257.72384184390842)
652 (76.130984512493825, -333.8659539921224, -257.7349694796286)
653 (77.782365076489796, -335.51681104664942, -257.73444597015964)
654 (79.590046291383658, -337.31788266416282, -257.72783637277917)
655 (81.566960823558844, -339.29162609639019, -257.72466527283132)
656 (83.704125256049139, -341.43098400029527, -257.7268587442461)
657 (85.936339157140821, -343.66807617781348, -257.73173702067265)
658 (88.163169340827878, -345.8971051020124, -257.73393576118451)
659 (90.298127657582484, -348.03274778290694, -257.73462012532445)
660 (92.303215774987905, -350.0365298505161, -257.7333140755282)
661 (94.16024974009639, -351.89687341889083, -257.73662367879444)
662 (95.805454518921607, -353.5504354755796, -257.74498095665797)
663 (97.109621541396322, -354.86315365864732, -257.75353211725098)
664 (97.931784315538835, -355.68835044048205, -257.75656612494322)
665 (98.211270269794042, -355.96673226639916, -257.75546199660511)
666 (97.975637435540563, -355.72462504059905, -257.74898760505846)
667 (97.293639077221485, -355.03959474998521, -257.74595567276373)
668 (96.21825336990139, -353.96447960699646, -257.74622623709507)
669 (94.7603035655723, -352.50669751934112, -257.7463939537688)
670 (92.937894154819318, -350.68217285718043, -257.7442787023611)
671 (90.82242302796945, -348.55943658273674, -257.73701355476726)
672 (88.539536940805533, -346.26852375486737, -257.72898681406184)
673 (86.234552938724903, -343.95557520518048, -257.72102226645558)
674 (84.047206506746761, -341.76013059104724, -257.71292408430048)
675 (82.102237753032924, -339.80910887814991, -257.706871125117)
676 (80.510433009363297, -338.21367443872492, -257.70324142936164)
677 (79.334969977247951, -337.04160817589013, -257.70663819864217)
678 (78.563717924815208, -336.2759252083917, -257.7122072835765)
679 (78.15074533293722, -335.86619668887528, -257.71545135593806)
680 (78.0889719367091, -335.7992231605225, -257.71025122381343)
681 (78.458046718290319, -336.15948397900559, -257.70143726071524)
682 (79.361298887707591, -337.06005962839498, -257.69876074068736)
683 (80.79707582224097, -338.50365362940971, -257.70657780716874)
684 (82.591674699696654, -340.31827980126963, -257.726605101573)
685 (84.456169717798261, -342.19954790096557, -257.74337818316729)
686 (86.133055552559668, -343.8810641550885, -257.74800860252884)
687 (87.519849323150666, -345.26035422231126, -257.74050489916061)
688 (88.684812672541156, -346.41055119150707, -257.7257385189659)
689 (89.797298467785595, -347.51018514881395, -257.71288668102835)
690 (91.010703150396921, -348.71948645868758, -257.70878330829066)
691 (92.357006234462872, -350.0737007071109, -257.71669447264804)
692 (93.712884326416955, -351.44647874658631, -257.73359442016937)
693 (94.823057035328958, -352.5764594737384, -257.75340243840947)
694 (95.400628939007817, -353.17079273056703, -257.77016379155918)
695 (95.235365162223374, -353.01175080438298, -257.7763856421596)
696 (94.258220391134955, -352.027801823267, -257.76958143213204)
697 (92.586895860766504, -350.33845133264896, -257.75155547188245)
698 (90.516789975570262, -348.2425766816267, -257.72578670605645)
699 (88.466472913474377, -346.16369073439188, -257.6972178209175)
700 (86.900563154001432, -344.57327107973987, -257.67270792573845)
701 (86.219180222942072, -343.8796491144974, -257.6604688915553)
702 (86.616740521617842, -344.28649072700853, -257.6697502053907)
703 (87.961406262207234, -345.66201737718353, -257.70061111497631)
704 (89.807773228913334, -347.54825084159648, -257.74047761268315)
705 (91.576721914758934, -349.347329350113, -257.77060743535407)
706 (92.766750748201773, -350.5555756831464, -257.78882493494461)
707 (93.082524471836834, -350.87282718366004, -257.79030271182319)
708 (92.483464194238763, -350.26071474424305, -257.77725055000428)
709 (91.159449155914075, -348.91305904060118, -257.75360988468708)
710 (89.45168664621778, -347.1845927501555, -257.73290610393769)
711 (87.716605904722172, -345.43538523135567, -257.71877932663347)
712 (86.178586916440736, -343.89625443773025, -257.71766752128951)
713 (84.893175325110093, -342.61734254479995, -257.72416721968989)
714 (83.799816185819381, -341.53037988932425, -257.73056370350486)
715 (82.815104570713501, -340.5497383265236, -257.73463375581008)
716 (81.907500913461504, -339.63886256685015, -257.73136165338866)
717 (81.115495398661537, -338.84001022098198, -257.72451482232043)
718 (80.537808817291179, -338.25304058999637, -257.71523177270518)
719 (80.298788057111764, -338.0074777478564, -257.70868969074462)
720 (80.511343861329919, -338.21614709544963, -257.70480323411971)
721 (81.227370200038123, -338.93414804164138, -257.70677784160324)
722 (82.40448102837928, -340.12032928746157, -257.71584825908229)
723 (83.892342243498177, -341.62383890079519, -257.73149665729704)
724 (85.44114179401852, -343.19324754800778, -257.75210575398927)
725 (86.747000171099216, -344.51806540564451, -257.77106523454529)
726 (87.518992277050955, -345.30388020687917, -257.78488792982819)
727 (87.545532304848649, -345.33723787246032, -257.79170556761164)
728 (86.747688116848707, -344.53458650670638, -257.7868983898577)
729 (85.236932614363383, -343.00501928228221, -257.76808666791885)
730 (83.340843456216689, -341.08059932169499, -257.73975586547829)
731 (81.513524353153443, -339.22608654733915, -257.71256219418569)
732 (80.133480930446183, -337.83662512338799, -257.70314419294181)
733 (79.35441525778792, -337.06098214808549, -257.70656689029755)
734 (79.124252747926306, -336.83952468752096, -257.71527193959469)
735 (79.30205348425153, -337.02726723022158, -257.72521374597005)
736 (79.736150363939259, -337.4677644225319, -257.73161405859264)
737 (80.303331518480206, -338.03766131994922, -257.73432980146902)
738 (80.930493517289946, -338.66499224829823, -257.73449873100827)
739 (81.592074814838995, -339.32424391567713, -257.73216910083812)
740 (82.296517867222406, -340.02742201679359, -257.73090414957119)
741 (83.057673169777644, -340.78753955455988, -257.72986638478221)
742 (83.872118835317266, -341.60322652595806, -257.73110769064078)
743 (84.694121113804599, -342.43149165444839, -257.73737054064378)
744 (85.424543891648014, -343.16964388623848, -257.74509999459048)
745 (85.942580998108184, -343.69502938731614, -257.75244838920798)
746 (86.151209808823012, -343.90624461064192, -257.75503480181891)
747 (86.01576391679238, -343.76696453831454, -257.75120062152217)
748 (85.580308130798187, -343.32580047418884, -257.74549234339065)
749 (84.953850161694717, -342.69079386482503, -257.73694370313029)
750 (84.288776244226526, -342.01628280845335, -257.72750656422681)
751 (83.751934336495651, -341.47055363287075, -257.7186192963751)
752 (83.50801680872101, -341.21628817174405, -257.70827136302307)
753 (83.724098020780815, -341.42243238210955, -257.69833436132876)
754 (84.551464272728111, -342.24339419872126, -257.69192992599312)
755 (86.070837378658112, -343.76598148753209, -257.69514410887399)
756 (88.223302727145438, -345.93145595685047, -257.70815322970503)
757 (90.782906945863346, -348.51175741124666, -257.72885046538329)
758 (93.414741028999913, -351.16462672854442, -257.74988569954451)
759 (95.774538659195187, -353.53846419121737, -257.7639255320222)
760 (97.57423111664076, -355.34954807417211, -257.77531695753134)
761 (98.606430376902409, -356.38860311396371, -257.78217273706127)
762 (98.750000204244699, -356.5377225615361, -257.78772235729139)
763 (97.955516709961202, -355.74342712092999, -257.78791041096878)
764 (96.252664976837707, -354.03462590900392, -257.78196093216621)
765 (93.788356437778333, -351.5570528900671, -257.76869645228874)
766 (90.83384322742107, -348.5807296113768, -257.74688638395571)
767 (87.774529511825079, -345.49637218740816, -257.72184267558305)
768 (85.043309214878576, -342.74410381475207, -257.70079459987346)
769 (82.989746075329336, -340.6809117202294, -257.69116564490008)
770 (81.775484385826132, -339.47077472267659, -257.69529033685046)
771 (81.357960198933597, -339.06496359676157, -257.70700339782798)
772 (81.545710975943436, -339.27040206364916, -257.72469108770571)
773 (82.0386516159396, -339.7861051383706, -257.74745352243099)
774 (82.470474753929224, -340.24242806454549, -257.77195331061625)
775 (82.495540798873705, -340.28368149260638, -257.78814069373266)
776 (81.934914570478497, -339.71846007972238, -257.78354550924388)
777 (80.922772755496382, -338.67718673438031, -257.75441397888392)
778 (79.938945290969386, -337.65133278362248, -257.71238749265308)
779 (79.613864522496314, -337.29877815938636, -257.68491363689003)
780 (80.330828722240454, -338.0242867645498, -257.69345804230932)
781 (81.963601718652072, -339.6891240795365, -257.72552236088444)
782 (84.01562940945378, -341.7749382130695, -257.75930880361574)
783 (85.935140845577507, -343.71747803065637, -257.78233718507886)
784 (87.291132867567768, -345.08921228328933, -257.79807941572153)
785 (87.780536923344243, -345.59270498286384, -257.81216805951959)
786 (87.192832772639903, -345.01377882721823, -257.82094605457831)
787 (85.453773367299618, -343.26927824545578, -257.81550487815616)
788 (82.745211004302021, -340.53279543233396, -257.78758442803195)
789 (79.565803239070263, -337.31307816174149, -257.74727492267124)
790 (76.563410543657056, -334.28507343376094, -257.72166289010386)
791 (74.18962645082226, -331.91086651495067, -257.72124006412844)
792 (72.539674394305564, -330.26971967556238, -257.73004528125682)
793 (71.534837633926401, -329.26951170268296, -257.73467406875659)
794 (71.123106268776866, -328.85761187342592, -257.73450560464903)
795 (71.294560077498986, -329.02866239865619, -257.7341023211572)
796 (72.029065022776962, -329.76407476424902, -257.73500974147203)
797 (73.261771991987644, -331.00130287444495, -257.7395308824573)
798 (74.874871528607187, -332.62265525993763, -257.74778373133046)
799 (76.693255762721819, -334.44984239019584, -257.75658662747401)
800 (78.489774026023198, -336.25749630970694, -257.76772228368372)
801 (80.034827636893951, -337.81031114423746, -257.77548350734349)
802 (81.177142094546284, -338.94971150071126, -257.77256940616496)
803 (81.906021892370191, -339.66786831552747, -257.76184642315729)
804 (82.334629911716505, -340.08349163702474, -257.74886172530825)
805 (82.625924585964256, -340.36462893669704, -257.7387043507328)
806 (82.920680069755576, -340.6538997261714, -257.73321965641583)
807 (83.31241046284859, -341.04189172653582, -257.72948126368726)
808 (83.871480244541502, -341.59557901790839, -257.7240987733669)
809 (84.673974571859631, -342.39204461279843, -257.71807004093881)
810 (85.806455153522037, -343.51956664755295, -257.7131114940309)
811 (87.313986213948155, -345.02955671111408, -257.71557049716591)
812 (89.126361188966371, -346.85396323089969, -257.72760204193332)
813 (91.029736958607558, -348.77605167373787, -257.74631471513032)
814 (92.725087996775628, -350.48483265955315, -257.75974466277751)
815 (93.943183385610922, -351.70924862634922, -257.76606524073827)
816 (94.534139036760152, -352.29956901568147, -257.7654299789213)
817 (94.478933582684547, -352.23679753998982, -257.75786395730529)
818 (93.853449240782979, -351.60434479715462, -257.75089555637163)
819 (92.777674248587118, -350.52099659719471, -257.74332234860759)
820 (91.367097167392117, -349.10923367982753, -257.74213651243542)
821 (89.703330603344654, -347.44512724829701, -257.74179664495239)
822 (87.841397804944563, -345.58405098452056, -257.742653179576)
823 (85.829213630826331, -343.57119060073234, -257.74197696990598)
824 (83.734771656726664, -341.47290136867491, -257.73812971194826)
825 (81.676295157938711, -339.40836130348583, -257.73206614554715)
826 (79.815850926919779, -337.53820461342576, -257.72235368650598)
827 (78.344711721369862, -336.05596793470966, -257.71125621333977)
828 (77.449575487221267, -335.15404513922795, -257.70446965200665)
829 (77.257355093990796, -334.96019881424661, -257.70284372025583)
830 (77.796239288659706, -335.50464289391437, -257.70840360525466)
831 (78.97656725681756, -336.69705401723326, -257.72048676041572)
832 (80.60382251073743, -338.33967928043108, -257.73585676969367)
833 (82.430020669277908, -340.18103584999091, -257.75101518071301)
834 (84.218857369666125, -341.97763795584086, -257.75878058617474)
835 (85.826786521384747, -343.5846205209599, -257.75783399957515)
836 (87.23007305982793, -344.98311585884153, -257.7530427990136)
837 (88.45552577118255, -346.20667782910789, -257.75115205792531)
838 (89.493445190190243, -347.24861395334773, -257.75516876315749)
839 (90.273777561091592, -348.03300772196314, -257.75923016087154)
840 (90.729834769110141, -348.48586699578652, -257.75603222667638)
841 (90.88496882313207, -348.63129229714917, -257.74632347401712)
842 (90.863096896588289, -348.59742535067346, -257.73432845408519)
843 (90.811274936636522, -348.54036413500376, -257.72908919836721)
844 (90.789487666767158, -348.52396868532554, -257.73448101855837)
845 (90.707556879364503, -348.45556282621976, -257.74800594685524)
846 (90.377689104087366, -348.1380966508442, -257.76040754675682)
847 (89.641985315259191, -347.40387799956977, -257.76189268431057)
848 (88.496138082260387, -346.2454737078408, -257.74933562558044)
849 (87.113280464313917, -344.84297335947366, -257.72969289515976)
850 (85.776736166549284, -343.48710273354504, -257.71036656699573)
851 (84.761943168127104, -342.46123951819635, -257.69929635006923)
852 (84.21128015424047, -341.91332362824437, -257.70204347400391)
853 (84.093218069447687, -341.80767328062245, -257.71445521117477)
854 (84.250971067159369, -341.97863374140155, -257.7276626742422)
855 (84.494681123592031, -342.23211254783462, -257.73743142424257)
856 (84.687363482084862, -342.42690100202162, -257.73953751993679)
857 (84.798006061649929, -342.53344714824107, -257.73544108659115)
858 (84.894167998441688, -342.61956931883867, -257.725401320397)
859 (85.09628413120889, -342.81206702914187, -257.71578289793297)
860 (85.522104670884971, -343.2331491864112, -257.71104451552623)
861 (86.226496784916307, -343.93967122664924, -257.71317444173292)
862 (87.168114877425225, -344.88951092852096, -257.72139605109572)
863 (88.228219078439409, -345.95944478025154, -257.73122570181215)
864 (89.268535205149703, -347.00739910067227, -257.73886389552257)
865 (90.174551920980818, -347.91728063024169, -257.74272870926086)
866 (90.86961713406626, -348.6154974695832, -257.74588033551697)
867 (91.292672434715968, -349.04238185554061, -257.74970942082462)
868 (91.389445996305938, -349.1400404502545, -257.75059445394857)
869 (91.169106372799149, -348.91279012343233, -257.74368375063318)
870 (90.767356038943817, -348.49313140415376, -257.72577536520993)
871 (90.460289940742797, -348.16569122654232, -257.70540128579955)
872 (90.565816352148076, -348.25853176945975, -257.69271541731166)
873 (91.262617494289501, -348.95966832487846, -257.69705083058898)
874 (92.479414517095051, -350.19469716083381, -257.71528264373876)
875 (93.931412941966869, -351.66927701757334, -257.73786407560647)
876 (95.26335202327077, -353.01715515665285, -257.75380313338206)
877 (96.204686940633948, -353.96165113506089, -257.75696419442693)
878 (96.648559357962014, -354.40057719754452, -257.75201783958249)
879 (96.635931342794962, -354.3783606565753, -257.74242931378035)
880 (96.280294155810694, -354.01467527074124, -257.73438111493056)
881 (95.702672086822503, -353.42971567977662, -257.72704359295415)
882 (94.999152996459415, -352.72167763318504, -257.72252463672561)
883 (94.237724579527054, -351.95736927992999, -257.71964470040291)
884 (93.476508966689437, -351.1915410374462, -257.71503207075676)
885 (92.764831611675618, -350.48009164493061, -257.71526003325499)
886 (92.130504059893724, -349.84962225220914, -257.71911819231542)
887 (91.560742962906616, -349.28527745183442, -257.72453448892782)
888 (90.988458108204554, -348.72537231060898, -257.73691420240442)
889 (90.291573116083157, -348.04157598050915, -257.75000286442599)
890 (89.31650690630056, -347.07787211597469, -257.76136520967412)
891 (87.953582807720181, -345.71989073000151, -257.76630792228133)
892 (86.237898060661152, -343.99039865700661, -257.75250059634544)
893 (84.423292373198279, -342.14989498916907, -257.72660261597082)
894 (82.950489870593572, -340.64828031574797, -257.6977904451544)
895 (82.258173405721308, -339.94236951696178, -257.68419611124045)
896 (82.555862603426988, -340.24898684435044, -257.69312424092345)
897 (83.714431686092198, -341.43548618758018, -257.72105450148797)
898 (85.311876275412018, -343.06977740037905, -257.75790112496702)
899 (86.786290634105384, -344.57622013490192, -257.78992950079652)
900 (87.635448270285977, -345.44067698547991, -257.80522871519395)
901 (87.593916475121802, -345.39424045220767, -257.8003239770859)
902 (86.710528427145192, -344.49169317557875, -257.78116474843353)
903 (85.290175235751164, -343.04265296918857, -257.75247773343739)
904 (83.777282937776974, -341.49794522904097, -257.72066229126398)
905 (82.655117509250402, -340.3478839274826, -257.69276641823217)
906 (82.354765708232947, -340.02973157131356, -257.67496586308062)
907 (83.138733132124372, -340.81537275026017, -257.67663961813582)
908 (84.985174798331045, -342.67876800374921, -257.69359320541815)
909 (87.5919833307902, -345.31290862415966, -257.72092529336948)
910 (90.516703052671232, -348.26219043442723, -257.74548738175599)
911 (93.337812277897058, -351.10255522130012, -257.76474294340306)
912 (95.733877292160756, -353.50927351662892, -257.77539622446818)
913 (97.504594322877409, -355.28181284805055, -257.77721852517311)
914 (98.577463418251583, -356.34981306426965, -257.77234964601809)
915 (99.004752494813516, -356.76778632805201, -257.76303383323852)
916 (98.917490806641908, -356.67294963528855, -257.75545882864662)
917 (98.417705221416668, -356.17494074694577, -257.7572355255291)
918 (97.509783134954034, -355.27306977084282, -257.76328663588879)
919 (96.14433886850037, -353.90704722470053, -257.76270835620016)
920 (94.348073194336507, -352.09843511688877, -257.75036192255226)
921 (92.325252226580062, -350.05468148353992, -257.72942925695986)
922 (90.409412456967232, -348.11729128294132, -257.70787882597409)
923 (88.926645826071137, -346.61970055206876, -257.69305472599763)
924 (88.084999038405897, -345.77601712982317, -257.69101809141728)
925 (87.921802069095165, -345.6195568575352, -257.69775478844002)
926 (88.32552244497748, -346.03503432457825, -257.70951187960077)
927 (89.112132104707896, -346.83232126272082, -257.72018915801294)
928 (90.10179356132879, -347.83244506857034, -257.73065150724153)
929 (91.133445535010452, -348.87113745824684, -257.73769192323641)
930 (92.045087031448432, -349.79004184845701, -257.74495481700859)
931 (92.683826259207535, -350.43408494615323, -257.7502586869457)
932 (92.917528802863316, -350.67328744633988, -257.75575864347655)
933 (92.657533890768534, -350.41366750266428, -257.75613361189573)
934 (91.884081851639479, -349.63568105387543, -257.75159920223598)
935 (90.649118470331459, -348.39408811781459, -257.74496964748312)
936 (89.074446589594956, -346.80703656072177, -257.7325899711268)
937 (87.349203473068243, -345.06786023201659, -257.71865675894833)
938 (85.699574977951357, -343.40548833380956, -257.70591335585823)
939 (84.34112547171614, -342.03854190538055, -257.69741643366444)
940 (83.421118695021988, -341.11838987357555, -257.69727117855359)
941 (82.976069139929962, -340.67956917194493, -257.70350003201497)
942 (82.939779635305968, -340.65184615059235, -257.71206651528638)
943 (83.205778913029945, -340.92140807191294, -257.71562915888296)
944 (83.689751520217968, -341.40651366632659, -257.71676214610864)
945 (84.346230223933759, -342.06306756906218, -257.7168373451284)
946 (85.146487918465709, -342.86203285107842, -257.71554493261272)
947 (86.056342461693973, -343.77100944559464, -257.71466698390066)
948 (87.073033623790835, -344.78165616565127, -257.70862254186045)
949 (88.250905724663539, -345.95257868189094, -257.7016729572274)
950 (89.644232600119096, -347.3448295324493, -257.7005969323302)
951 (91.243380836707587, -348.94973193282499, -257.70635109611737)
952 (92.960212239146784, -350.67325355721277, -257.71304131806596)
953 (94.668567772247357, -352.3892095863153, -257.72064181406796)
954 (96.236215662196557, -353.96398141568983, -257.72776575349326)
955 (97.521944915717313, -355.25946499257327, -257.73752007685596)
956 (98.390616756185551, -356.13748017772497, -257.74686342153939)
957 (98.735860575705857, -356.48703873564824, -257.75117815994236)
958 (98.51138336082245, -356.26138586376663, -257.7500025029442)
959 (97.764753006264542, -355.50664070548004, -257.74188769921551)
960 (96.630063020648493, -354.3629283086118, -257.73286528796331)
961 (95.275729219936522, -352.99873600099448, -257.72300678105796)
962 (93.857295255957808, -351.57595140997199, -257.71865615401418)
963 (92.47694913719404, -350.19495044146169, -257.71800130426766)
964 (91.164366782201355, -348.88672227207246, -257.72235548987112)
965 (89.892586865050191, -347.62120394483543, -257.72861707978524)
966 (88.615920984624964, -346.34796631227198, -257.73204532764703)
967 (87.328102782387802, -345.06022857818726, -257.73212579579945)
968 (86.066722608329741, -343.79898540450006, -257.73226279617029)
969 (84.860247739985738, -342.59700884951104, -257.73676110952533)
970 (83.702644345273825, -341.44189047236364, -257.73924612708981)
971 (82.606567914749689, -340.34023267935601, -257.73366476460632)
972 (81.680754832788864, -339.40229138205575, -257.72153654926689)
973 (81.120261119726536, -338.82895133614835, -257.70869021642181)
974 (81.099516224937858, -338.80372883732446, -257.70421261238658)
975 (81.664915350990967, -339.37410879583013, -257.70919344483917)
976 (82.734219369073728, -340.45203127438549, -257.71781190531175)
977 (84.178782105855333, -341.90223249753933, -257.72345039168397)
978 (85.877832401166387, -343.60639035970354, -257.72855795853718)
979 (87.730940686798135, -345.46350351222992, -257.73256282543178)
980 (89.668717460141352, -347.40169205306807, -257.73297459292672)
981 (91.651704907677129, -349.38694688875927, -257.73524198108214)
982 (93.607951245985959, -351.3537632546051, -257.74581200861917)
983 (95.352941876041726, -353.11699052052592, -257.76404864448421)
984 (96.597572433320948, -354.38154813298337, -257.78397569966239)
985 (97.045897066021411, -354.84265506503942, -257.79675799901804)
986 (96.512780426455578, -354.31302537952405, -257.8002449530685)
987 (94.982984173894138, -352.7766207373071, -257.79363656341297)
988 (92.602889765792924, -350.38472840110956, -257.7818386353166)
989 (89.666456493443164, -347.42415508802009, -257.75769859457694)
990 (86.660873663658663, -344.37624873778384, -257.71537507412518)
991 (84.286078010856315, -341.95923755657452, -257.67315954571819)
992 (83.125563900622467, -340.80548151964956, -257.67991761902709)
993 (83.074920156599234, -340.81261530558987, -257.73769514899061)
994 (83.350647517451748, -341.1361234708412, -257.78547595338944)
995 (83.20538008348457, -340.99527490118942, -257.78989481770486)
996 (82.428339320164085, -340.19261306871937, -257.7642737485553)
997 (81.265019241580504, -338.99923628357288, -257.73421704199239)
998 (80.118266056060492, -337.82626999909758, -257.70800394303706)
999 (79.340727573442734, -337.03192766649914, -257.69120009305641)
