0 (69.888000000000034, -327.54587844028083, -257.6578784402808)
1 (69.890864089291995, -327.55210372262906, -257.66123963333706)
2 (69.896095081390712, -327.55733476231183, -257.66123968092108)
3 (69.900331228606831, -327.56157095593471, -257.66123972732788)
4 (69.903571951885951, -327.56481172444069, -257.66123977255472)
5 (69.90581669656504, -327.56705651316162, -257.66123981659655)
6 (69.907064932429662, -327.56830479188113, -257.66123985945148)
7 (69.907316153775383, -327.5685560548884, -257.66123990111305)
8 (69.906569879472471, -327.5678098210513, -257.66123994157886)
9 (69.904825653034976, -327.56606563387732, -257.66123998084231)
10 (69.902083042693789, -327.56332306159487, -257.66124001890108)
11 (69.898341641473181, -327.55958169722203, -257.66124005574886)
12 (69.893601067271618, -327.55484115865062, -257.661240091379)
13 (69.887860962946561, -327.54910108873401, -257.66124012578746)
14 (69.881120996402686, -327.54236115536929, -257.66124015896662)
15 (69.873380860684762, -327.5346210515961, -257.66124019091137)
16 (69.864640274074048, -327.52588049568902, -257.661240221615)
17 (69.854898980188352, -327.51613923125848, -257.66124025107013)
18 (69.844156748086931, -327.50539702735574, -257.66124027926878)
19 (69.832413372378369, -327.49365367858445, -257.66124030620608)
20 (69.819668673332885, -327.48090900520555, -257.66124033187265)
21 (69.805922496998662, -327.46716285325721, -257.66124035625853)
22 (69.791174715321944, -327.4524150946819, -257.66124037935992)
23 (69.775425226270968, -327.43666562743482, -257.66124040116387)
24 (69.758673953964077, -327.41991437562797, -257.66124042166388)
25 (69.740920848801792, -327.40216128965255, -257.66124044085075)
26 (69.722165887602486, -327.38340634631612, -257.66124045871362)
27 (69.702409073742317, -327.36364954898659, -257.66124047524426)
28 (69.681650437299041, -327.34289092773008, -257.66124049043106)
29 (69.659890035199496, -327.3211305394654, -257.66124050426589)
30 (69.637127951371397, -327.29836846810815, -257.66124051673677)
31 (69.613364296898737, -327.2746048247318, -257.66124052783306)
32 (69.588599210181044, -327.24983974772471, -257.66124053754368)
33 (69.56283285709695, -327.22407340295439, -257.66124054585742)
34 (69.536065431170996, -327.19730598393329, -257.66124055276231)
35 (69.508297153745076, -327.16953771199002, -257.66124055824491)
36 (69.479528274152912, -327.14076883644867, -257.66124056229575)
37 (69.449759069899059, -327.11099963480029, -257.66124056490122)
38 (69.418989846841413, -327.08023041288897, -257.66124056604758)
39 (69.387220939377613, -327.04846150510105, -257.66124056572346)
40 (69.354452710635215, -327.01569327454854, -257.66124056391334)
41 (69.320685552665665, -326.98192611327062, -257.66124056060494)
42 (69.285919886642148, -326.94716044242614, -257.66124055578399)
43 (69.250156163061121, -326.91139671249834, -257.66124054943725)
44 (69.213394861947549, -326.87463540349637, -257.66124054154881)
45 (69.17563649306382, -326.83687702516903, -257.66124053210524)
46 (69.136881596122691, -326.79812211721259, -257.66124052108989)
47 (69.097130741003411, -326.75837124949271, -257.6612405084893)
48 (69.056384527971957, -326.7176250222584, -257.66124049428646)
49 (69.014643587904601, -326.67588406637117, -257.66124047846654)
50 (68.971908582515326, -326.63314904352882, -257.66124046101351)
51 (68.928180204586695, -326.58942064649676, -257.66124044191008)
52 (68.883459178204205, -326.54469959934505, -257.66124042114086)
53 (68.837746258994557, -326.49898665768177, -257.6612403986872)
54 (68.791042234366842, -326.45228260890099, -257.66124037453415)
55 (68.743347923758009, -326.40458827242128, -257.66124034866328)
56 (68.694664181101189, -326.35590450084931, -257.66124031974812)
57 (68.644991890911299, -326.30623218129961, -257.66124029038832)
58 (68.594331968087886, -326.2555722273454, -257.66124025925751)
59 (68.542685362701164, -326.20392558903831, -257.66124022633716)
60 (68.49005305812517, -326.15129324973435, -257.66124019160918)
61 (68.436436071303092, -326.09767622635644, -257.66124015505335)
62 (68.381835453015697, -326.04307556966728, -257.66124011665158)
63 (68.32625228815337, -325.98749236453722, -257.66124007638382)
64 (68.269687723965561, -325.9309277711933, -257.66124004722775)
65 (68.21214291854082, -325.87338292169977, -257.66124000315892)
66 (68.153619034301457, -325.81485899146696, -257.66123995716549)
67 (68.094117295539405, -325.75535720476711, -257.66123990922767)
68 (68.033638962062398, -325.6948788213856, -257.66123985932319)
69 (67.972185329483764, -325.63342513691589, -257.66123980743214)
70 (67.909757729516102, -325.57099748304984, -257.66123975353372)
71 (67.846357530266928, -325.5075972278749, -257.66123969760798)
72 (67.78198613653791, -325.44322577616987, -257.66123963963196)
73 (67.716644990126369, -325.37788456971106, -257.66123957958467)
74 (67.650335570129869, -325.31157508757383, -257.66123951744396)
75 (67.583059393253151, -325.24429884644104, -257.66123945318787)
76 (67.514818014118191, -325.17605740091443, -257.66123938679624)
77 (67.445613025576236, -325.10685234381941, -257.66123931824319)
78 (67.375446059022877, -325.03668530653209, -257.66123924750923)
79 (67.304318784715363, -324.96555795928509, -257.66123917456974)
80 (67.232232912092229, -324.89347201149502, -257.66123909940279)
81 (67.159190190095558, -324.82042921208006, -257.6612390219845)
82 (67.085192407495242, -324.7464313497876, -257.66123894229236)
83 (67.010241393215679, -324.67148025351793, -257.66123886030226)
84 (66.934339016664509, -324.59557779265521, -257.66123877599068)
85 (66.857487188063516, -324.51872587739774, -257.66123868933425)
86 (66.779687858781458, -324.44092645909041, -257.66123860030893)
87 (66.700943021669019, -324.36218153055944, -257.66123850889039)
88 (66.621254711395537, -324.28249312644931, -257.66123841505379)
89 (66.540625004787628, -324.20186332356315, -257.66123831877553)
90 (66.459056021169317, -324.12029424120055, -257.66123822003124)
91 (66.376549922704243, -324.03778804149943, -257.66123811879515)
92 (66.293108914739207, -323.95434692978324, -257.66123801504403)
93 (66.20873524614926, -323.86997315490061, -257.66123790875133)
94 (66.123431209684142, -323.7846690095767, -257.66123779989255)
95 (66.037199142316354, -323.69843683075936, -257.66123768844301)
96 (65.950041431954446, -323.61127900537662, -257.66123757342217)
97 (65.861960505825991, -323.52319796253846, -257.66123745671246)
98 (65.772958829593733, -323.43419616692813, -257.6612373373344)
99 (65.683038920662142, -323.34427613592629, -257.66123721526412)
100 (65.592203342416013, -323.25344043289113, -257.66123709047508)
101 (65.500454704574537, -323.16169166751695, -257.66123696294244)
102 (65.407795663546395, -323.06903249618557, -257.66123683263919)
103 (65.314228922785475, -322.97546562232486, -257.66123669953936)
104 (65.219757233146865, -322.88099379676476, -257.66123656361788)
105 (65.124383393243846, -322.78561981809167, -257.66123642484786)
106 (65.028110249804712, -322.68934653300886, -257.66123628320418)
107 (64.930940698030184, -322.59217683669175, -257.66123613866159)
108 (64.832877681950819, -322.49411367314195, -257.66123599119112)
109 (64.733924194784507, -322.39516003555264, -257.66123584076814)
110 (64.634083279294074, -322.295318966661, -257.66123568736691)
111 (64.53335802814442, -322.19459355910527, -257.66123553096088)
112 (64.431751584259644, -322.09298695578292, -257.66123537152328)
113 (64.329267141179699, -321.99050235020826, -257.66123520902858)
114 (64.225908107208355, -321.88714312141701, -257.66123501420867)
115 (64.121677791903437, -321.78291263740277, -257.66123484549934)
116 (64.016579383853355, -321.67781405750691, -257.66123467365355)
117 (63.910616309059165, -321.57185079168079, -257.66123448262164)
118 (63.803792021659945, -321.4650263260844, -257.66123430442445)
119 (63.696110001245202, -321.3573441242583, -257.66123412301312)
120 (63.587573805974031, -321.24880774433598, -257.66123393836193)
121 (63.478187047446575, -321.13942079789132, -257.66123375044475)
122 (63.367953391052097, -321.02918695028865, -257.66123355923656)
123 (63.256876594463968, -320.91810993253603, -257.66123333807207)
124 (63.144960434503552, -320.80619357470181, -257.66123314019825)
125 (63.032208702850802, -320.69344164180706, -257.66123293895623)
126 (62.918625283556466, -320.5798580178764, -257.66123273431992)
127 (62.80421417418944, -320.46544665120791, -257.66123247701847)
128 (62.688979374588044, -320.35021164009822, -257.66123226551019)
129 (62.572924879897158, -320.23415693042938, -257.66123205053225)
130 (62.45605479830224, -320.1172866303616, -257.66123183205934)
131 (62.338373294821992, -319.99960490488957, -257.6612316100676)
132 (62.219884591634234, -319.88111597616535, -257.66123138453111)
133 (62.1005929683989, -319.76182412382576, -257.66123115542689)
134 (61.980502762577849, -319.64173368530709, -257.66123092272926)
135 (61.859618369751644, -319.5208490561667, -257.66123068641502)
136 (61.737944243932461, -319.39917469039341, -257.66123044646093)
137 (61.615484897873863, -319.27671510071468, -257.66123020284084)
138 (61.492244903376708, -319.15347485891084, -257.66122995553411)
139 (61.368228891590995, -319.02945859610776, -257.66122970451676)
140 (61.243441553314071, -318.90467100307887, -257.66122944976479)
141 (61.117887770472315, -318.77911684093408, -257.66122907046179)
142 (60.991572362689986, -318.65280117085439, -257.66122880816442)
143 (60.864500073247562, -318.5257286153149, -257.66122854206736)
144 (60.736675834587025, -318.39790410673442, -257.66122827214741)
145 (60.608104640221015, -318.26933263860485, -257.66122799838382)
146 (60.478791545003183, -318.1400192657577, -257.66122772075454)
147 (60.348741813538389, -318.00996911025595, -257.66122729671758)
148 (60.217960635881425, -317.87918764715624, -257.66122701127483)
149 (60.086453108551417, -317.74767983045626, -257.66122672190482)
150 (59.954224534696152, -317.61545096328462, -257.66122642858846)
151 (59.821280280076891, -317.48250641138276, -257.66122613130585)
152 (59.687625773305371, -317.34885160334284, -257.66122583003744)
153 (59.553266763889617, -317.21449233789934, -257.66122557400973)
154 (59.418208822836696, -317.07943408753442, -257.66122526469775)
155 (59.282457316343383, -316.94368226768881, -257.66122495134545)
156 (59.146017926959665, -316.80724256089525, -257.6612246339356)
157 (59.008896401173025, -316.67012071362393, -257.66122431245088)
158 (58.871098549605243, -316.53232253648162, -257.66122398687639)
159 (58.732630247202103, -316.39385390439617, -257.66122365719406)
160 (58.593497433415386, -316.25472075680563, -257.66122332339023)
161 (58.453706112377375, -316.11492909782578, -257.66122298544838)
162 (58.31326235306755, -315.9744849964228, -257.66122264335525)
163 (58.172172289471334, -315.83339458656684, -257.66122229709549)
164 (58.030442120730299, -315.69166406738736, -257.66122194665707)
165 (57.888078111284528, -315.54929970330983, -257.6612215920253)
166 (57.745086591006014, -315.40630782419532, -257.66122123318928)
167 (57.601473955323399, -315.26269482546013, -257.66122087013673)
168 (57.457246665337919, -315.11846716819286, -257.66122050285492)
169 (57.312411247930029, -314.97363137926641, -257.66122013133639)
170 (57.166974295856924, -314.82819405142584, -257.66121975556894)
171 (57.020942729901449, -314.68216207085294, -257.6612193409515)
172 (56.874323290727276, -314.53554224736513, -257.66121895663787)
173 (56.727122512697235, -314.38834108074644, -257.66121856804921)
174 (56.579347253192402, -314.24056542836973, -257.66121817517734)
175 (56.431004435812461, -314.0922222138297, -257.66121777801726)
176 (56.282101050413225, -313.94331842697483, -257.66121737656158)
177 (56.132644996851525, -313.79386239411167, -257.66121739726015)
178 (55.982644798161253, -313.64386244477538, -257.66121764661415)
179 (55.832106881829375, -313.49332411396244, -257.66121723213308)
180 (55.681037173606619, -313.3422539869469, -257.66121681334027)
181 (55.529442996552383, -313.19065938678409, -257.66121639023169)
182 (55.377331739974402, -313.03854770278116, -257.66121596280675)
183 (55.224711247010397, -312.88592656754406, -257.66121532053364)
184 (55.071589495264519, -312.73280467952003, -257.66121518425552)
185 (54.917973716606497, -312.57918846043538, -257.66121474382885)
186 (54.763871136345713, -312.42508543543289, -257.66121429908719)
187 (54.609289474940866, -312.27050332497248, -257.66121385003163)
188 (54.454236518671053, -312.11544991533691, -257.66121339666586)
189 (54.298720119520517, -311.95993305851385, -257.66121293899334)
190 (54.14274819505038, -311.80396067206897, -257.66121247701858)
191 (53.986328728257163, -311.6475407390069, -257.66121201074975)
192 (53.829469767417784, -311.4906813076081, -257.66121154019032)
193 (53.672179456689136, -311.33339053975021, -257.66121108306106)
194 (53.514466748064571, -311.17567793820547, -257.66121119014088)
195 (53.356339887125522, -311.01755059387051, -257.66121070674501)
196 (53.197806420249925, -310.85901663934516, -257.66121021909521)
197 (53.038874719581983, -310.70008444678484, -257.66120972720284)
198 (52.879553221322659, -310.54076245240293, -257.66120923108025)
199 (52.719850425476551, -310.3810591562173, -257.66120873074078)
200 (52.559774895584056, -310.22098312178258, -257.66120822619854)
201 (52.399335747315305, -310.06054315073459, -257.66120740341927)
202 (52.238541694986381, -309.8997485854764, -257.66120689049001)
203 (52.077401010671572, -309.73860738407797, -257.6612063734064)
204 (51.915922509500973, -309.57712836168656, -257.66120585218562)
205 (51.754115089746477, -309.41532040646393, -257.66120531671743)
206 (51.591987691022815, -309.25319247830464, -257.6612047872818)
207 (51.429549292420106, -309.09075354618943, -257.66120425376931)
208 (51.266808954744732, -308.92801267094734, -257.66120371620264)
209 (51.103775799241966, -308.76497897384786, -257.66120317460587)
210 (50.940459007173217, -308.6016616361764, -257.66120262900318)
211 (50.776867819376534, -308.4380698987967, -257.66120207942015)
212 (50.613011535810884, -308.27421306169293, -257.66120152588206)
213 (50.448899515084051, -308.11010048350283, -257.66120096841877)
214 (50.284541173963589, -307.94574158102108, -257.66120040705749)
215 (50.119945986871478, -307.78114582870131, -257.66119984182984)
216 (49.955123531438353, -307.6163227692486, -257.66119923781025)
217 (49.790083397750593, -307.45128206269186, -257.66119866494125)
218 (49.624835184590872, -307.28603327289085, -257.66119808829995)
219 (49.459388591626798, -307.1205860995496, -257.66119750792279)
220 (49.293753373397593, -306.95495029724395, -257.66119692384638)
221 (49.127940055595275, -306.78913581615637, -257.6611957605611)
222 (48.961960120790735, -306.62315546583091, -257.66119534504014)
223 (48.795822845052712, -306.45701759505511, -257.66119475000238)
224 (48.629536795344293, -306.2907309394285, -257.66119414408422)
225 (48.463111998812117, -306.12430554080441, -257.6611935419923)
226 (48.296558367950006, -305.95775130438943, -257.66119293643942)
227 (48.129886024782309, -305.79107835225068, -257.66119232746837)
228 (47.963105140843297, -305.62429685596771, -257.6611917151244)
229 (47.796225936427334, -305.45741703588124, -257.6611910994539)
230 (47.6292586798222, -305.29044916032598, -257.66119048050376)
231 (47.462213686523675, -305.12340354484769, -257.66118985832401)
232 (47.295101318432508, -304.95629055139733, -257.66118923296483)
233 (47.127931983033676, -304.78912058750842, -257.66118860447477)
234 (46.960716132557259, -304.62190410546521, -257.66118797290795)
235 (46.793464263121741, -304.4546516014401, -257.66118733831837)
236 (46.626186913859229, -304.2873736146185, -257.66118670075929)
237 (46.458894666022609, -304.12008072630954, -257.66118606028692)
238 (46.291598142074839, -303.95278355903469, -257.66118541695982)
239 (46.124308004760536, -303.78549277559586, -257.66118477083535)
240 (45.957034956159227, -303.61821907813174, -257.6611841219725)
241 (45.789789736721183, -303.45097320715382, -257.66118347043266)
242 (45.622583124285136, -303.28376594056238, -257.66118281627723)
243 (45.455425933078232, -303.11660809264845, -257.66118215957022)
244 (45.288329012698561, -302.94951051307334, -257.66118150037477)
245 (45.121303247079588, -302.78248408583619, -257.66118083875659)
246 (44.954359553437264, -302.61553972822054, -257.66118017478328)
247 (44.787508881199557, -302.4486883897215, -257.66117950852197)
248 (44.620762210918492, -302.281941050961, -257.66117884004251)
249 (44.454130553164845, -302.11530872257845, -257.66117816941357)
250 (44.287624947405689, -301.94880244411382, -257.66117749670815)
251 (44.121256460864586, -301.78243328286271, -257.66117682199814)
252 (43.955036187364819, -301.61621233272081, -257.66117614535597)
253 (43.788975246155914, -301.45015071301424, -257.66117546685831)
254 (43.623084780722969, -301.28425956730359, -257.6611747865806)
255 (43.457375957579629, -301.11855006217871, -257.66117410459907)
256 (43.291859965044402, -300.95303338603708, -257.66117342099267)
257 (43.126548012000725, -300.78772074784098, -257.66117273584024)
258 (42.96145132664067, -300.62262337586361, -257.66117204922296)
259 (42.796581155192619, -300.45775251641396, -257.66117136122136)
260 (42.631948774765632, -300.29311943577625, -257.6611706610106)
261 (42.467565464245538, -300.12873543473427, -257.66116997048874)
262 (42.303442502214203, -299.96461178104818, -257.661169278834)
263 (42.139596997070662, -299.80076361710252, -257.66116662003185)
264 (41.976040502274628, -299.63720642845476, -257.66116592618016)
265 (41.812778622996774, -299.4739438544529, -257.66116523145615)
266 (41.649822697773864, -299.31098723372418, -257.66116453595032)
267 (41.487184072414735, -299.14834791216521, -257.66116383975049)
268 (41.324874098591494, -298.98603724153941, -257.66116314294788)
269 (41.16290413241677, -298.82406657805137, -257.6611624456346)
270 (41.001285533007319, -298.66244728090976, -257.66116174790244)
271 (40.840029661034038, -298.50119071087988, -257.66116104984587)
272 (40.679148051716943, -298.34030844166153, -257.6611603899446)
273 (40.518652071277806, -298.17981176279301, -257.66115969151519)
274 (40.358553349446616, -298.01971206577718, -257.66115871633059)
275 (40.198863254088238, -297.8600212719972, -257.66115801790897)
276 (40.039595664055959, -297.70075379567584, -257.66115813161986)
277 (39.880762018846518, -297.54191945239711, -257.66115743355061)
278 (39.72237071118893, -297.38352744702183, -257.66115673583289)
279 (39.564434543293466, -297.2255917444221, -257.66115720112862)
280 (39.406964874590955, -297.06812137897793, -257.66115650438701)
281 (39.249971535687308, -296.91112734398746, -257.66115580830012)
282 (39.093465806722413, -296.75462091969376, -257.66115511297136)
283 (38.937458951037321, -296.59861336953861, -257.66115441850127)
284 (38.781962941716522, -296.44311693168902, -257.66115398997249)
285 (38.626989028983999, -296.28814232650035, -257.66115329751636)
286 (38.472547696742573, -296.1337003029742, -257.66115260623161)
287 (38.318650484511551, -295.97980216171305, -257.66115167720147)
288 (38.16530856013501, -295.82645954870515, -257.66115098857011)
289 (38.012532697755013, -295.67368299918235, -257.66115030142731)
290 (37.860333998332202, -295.52148361421195, -257.66114961587976)
291 (37.708723633919497, -295.36987248022621, -257.66114884630673)
292 (37.557712893824508, -295.21886123732941, -257.66114834350492)
293 (37.407312692828356, -295.06846035620862, -257.66114766338023)
294 (37.257533759159081, -294.91868074444108, -257.66114698528202)
295 (37.108387123608125, -294.76953343681475, -257.66114631320664)
296 (36.959883686832562, -294.6210293263162, -257.66114563948366)
297 (36.812034212077201, -294.47317918019024, -257.66114496811304)
298 (36.664849515303501, -294.32599381450683, -257.66114429920333)
299 (36.51834036927319, -294.17948400213908, -257.6611436328659)
300 (36.372517501857899, -294.03366047106636, -257.66114296920847)
301 (36.227391594346543, -293.88853390268804, -257.66114230834148)
302 (36.082973279751016, -293.74411493012684, -257.66114165037584)
303 (35.93927431716255, -293.60041478183922, -257.66114046467669)
304 (35.796305270599809, -293.45744508343319, -257.66113981283337)
305 (35.654075452500251, -293.31521461672077, -257.66113916422051)
306 (35.512595285953921, -293.17373380490255, -257.66113851894863)
307 (35.371875154328023, -293.03301301517627, -257.66113786084827)
308 (35.23192536606269, -292.89306258865076, -257.66113722258808)
309 (35.092756152057085, -292.75389274005653, -257.66113658799947)
310 (34.954380457006792, -292.61551912329588, -257.66113866628911)
311 (34.816808488775266, -292.47794652810927, -257.66113803933399)
312 (34.680047879000668, -292.34118549693619, -257.66113761793554)
313 (34.544109185690537, -292.20524577632756, -257.661136590637)
314 (34.409007341521459, -292.0701452243502, -257.66113788282871)
315 (34.274751803970908, -291.93588907643107, -257.66113727246017)
316 (34.141347109647782, -291.80248377617465, -257.66113666652689)
317 (34.008802966198786, -291.66993903133755, -257.66113606513875)
318 (33.877129006022059, -291.53826447442407, -257.66113546840199)
319 (33.74633478462156, -291.40746966104473, -257.66113487642315)
320 (33.61643004494195, -291.27756431177374, -257.66113426683182)
321 (33.487425282444853, -291.14855864459543, -257.66113336215057)
322 (33.359332004281129, -291.02046239816639, -257.66113039388529)
323 (33.232158438810572, -290.89328826076286, -257.66112982195227)
324 (33.105911501269489, -290.76704091978132, -257.66112941851185)
325 (32.980601153962951, -290.6417301895583, -257.66112903559537)
326 (32.856236224769496, -290.5173647045961, -257.66112847982663)
327 (32.732824705621482, -290.39395263527297, -257.66112792965146)
328 (32.610375387971615, -290.27150277314109, -257.66112738516949)
329 (32.488896970395778, -290.15002381687975, -257.66112684648397)
330 (32.368398057058727, -290.02952437074987, -257.66112631369117)
331 (32.248887156193184, -289.91001294308489, -257.66112578689172)
332 (32.130376943085196, -289.79150441526201, -257.66112747217682)
333 (32.012875919893936, -289.67400292138615, -257.66112700149222)
334 (31.896388072758274, -289.5575145659796, -257.66112649322133)
335 (31.780921433179266, -289.44204742450893, -257.66112599132964)
336 (31.666484007894631, -289.32760950380418, -257.66112549590957)
337 (31.553083698877643, -289.21420870593187, -257.66112500705424)
338 (31.440730542599834, -289.10185317855115, -257.6611226359513)
339 (31.329432278660398, -288.99055443914938, -257.66112216048896)
340 (31.219194434052891, -288.88031598798074, -257.66112155392784)
341 (31.110026286018229, -288.77114568923122, -257.66111940321298)
342 (31.001936518780411, -288.66305501802731, -257.66111849924687)
343 (30.894931612447618, -288.55604869889982, -257.66111708645218)
344 (30.789017284238462, -288.4501339302488, -257.66111664601033)
345 (30.684200367155515, -288.34531641397899, -257.66111604682345)
346 (30.580487780535051, -288.24160340151985, -257.66111562098479)
347 (30.477885515738969, -288.13900071830909, -257.6611152025701)
348 (30.376401609193, -288.0375174260509, -257.66111581685789)
349 (30.276042636859007, -287.93715805037664, -257.66111541351762)
350 (30.176813653523979, -287.83792867135725, -257.66111501783325)
351 (30.07872182613939, -287.73983700967602, -257.66111518353665)
352 (29.981777493820136, -287.64289085965015, -257.66111336583003)
353 (29.885986490477887, -287.54709933110337, -257.66111284062549)
354 (29.791350641568119, -287.45246311784251, -257.66111247627441)
355 (29.697875203912783, -287.35898732385022, -257.66111211993746)
356 (29.605565843070949, -287.2666776147509, -257.66111177167994)
357 (29.514428095319481, -287.1755395268857, -257.66111143156621)
358 (29.424467958834938, -287.08557927904945, -257.6611113202145)
359 (29.33569113966897, -286.9968020533106, -257.66111091364161)
360 (29.248102203457751, -286.90921280178549, -257.66111059832775)
361 (29.16170574605421, -286.82281603745389, -257.66111029139967)
362 (29.076506643135872, -286.73761663604927, -257.6611099929134)
363 (28.992509635598726, -286.6536193385208, -257.66110970292209)
364 (28.909720594752688, -286.57083008676449, -257.6611094920118)
365 (28.828144019871615, -286.48925323902728, -257.66110921915566)
366 (28.747782987161539, -286.40889194210695, -257.66110895494541)
367 (28.668641690608737, -286.32975039003685, -257.6611086994281)
368 (28.590724185591053, -286.25183263823982, -257.66110845264876)
369 (28.514034388198468, -286.17514260284804, -257.66110821464957)
370 (28.438576074582755, -286.09968406005413, -257.6611079854714)
371 (28.364354328939616, -286.02546337487996, -257.66110904594035)
372 (28.291372676341126, -285.95248151085303, -257.66110883451188)
373 (28.219633815121149, -285.88074247378137, -257.66110865866023)
374 (28.149140970604851, -285.81024943573652, -257.66110846513169)
375 (28.079896431842293, -285.74100471244242, -257.6611082806001)
376 (28.011907838934754, -285.67301953792463, -257.66111169898988)
377 (27.945181408558561, -285.60629335786723, -257.66111194930869)
378 (27.879715164568577, -285.54082695650419, -257.66111179193564)
379 (27.815508287317872, -285.47661993098382, -257.66111164366595)
380 (27.752563124444357, -285.41367462896318, -257.66111150451883)
381 (27.690881878447733, -285.35199325296315, -257.66111137451543)
382 (27.630466606403381, -285.29157786007676, -257.66111125367337)
383 (27.571320361777364, -285.23243158465323, -257.66111122287589)
384 (27.513444935484422, -285.17455605587998, -257.66111112039556)
385 (27.456840813412299, -285.11795184052522, -257.66111102711295)
386 (27.401509468713265, -285.06262041175228, -257.66111094303903)
387 (27.347453870724426, -285.00856604305272, -257.66111217232827)
388 (27.294675236338513, -284.95578734301807, -257.66111210667958)
389 (27.243172968924043, -284.90428501917575, -257.66111205025169)
390 (27.192947955746504, -284.8540599587925, -257.66111200304601)
391 (27.1440009374755, -284.80511290253685, -257.66111196506137)
392 (27.096332508212654, -284.75744444450726, -257.66111193629462)
393 (27.049943115551084, -284.71105503229052, -257.66111191673946)
394 (27.00483306066608, -284.66594496705295, -257.66111190638685)
395 (26.961002498437281, -284.62211440366696, -257.66111190522969)
396 (26.918454716103327, -284.57956946289943, -257.6611147467961)
397 (26.87719061082149, -284.53830623715203, -257.66111562633051)
398 (26.837206665590113, -284.49832231826213, -257.66111565267204)
399 (26.798501813379037, -284.45961758773723, -257.66111577435817)
400 (26.761075906143763, -284.42219162910413, -257.66111572296035)
401 (26.724932983759302, -284.38604849082265, -257.66111550706336)
402 (26.69007187271745, -284.35118744253424, -257.66111556981679)
403 (26.656486530367047, -284.31760217198189, -257.66111564161486)
404 (26.624175805585239, -284.28529152801423, -257.66111572242897)
405 (26.593140166941005, -284.25425573412247, -257.66111556718147)
406 (26.563378504511636, -284.22449430223958, -257.66111579772792)
407 (26.53488749501328, -284.19600340041973, -257.66111590540646)
408 (26.507665134861657, -284.16878115683454, -257.66111602197287)
409 (26.481713183414378, -284.14282688341058, -257.66111369999618)
410 (26.457029711354352, -284.11814354557947, -257.66111383422515)
411 (26.433612045390596, -284.09472494105006, -257.66111289565947)
412 (26.411457960592813, -284.0725710079858, -257.66111304739297)
413 (26.390566335438752, -284.05168126719195, -257.66111493175322)
414 (26.370934690575378, -284.03204979139491, -257.66111510081953)
415 (26.352557298405287, -284.01367331144729, -257.66111601304203)
416 (26.33543134732475, -283.99654754656314, -257.66111619923839)
417 (26.319552577618254, -283.98066897153944, -257.66111639392119)
418 (26.304917882179868, -283.96603447921547, -257.66111659703557)
419 (26.291524019500557, -283.95264082802709, -257.66111680852651)
420 (26.279370387113179, -283.94048975691078, -257.66111936979758)
421 (26.268453531102914, -283.92957312898403, -257.66111959788111)
422 (26.258767057703466, -283.91988689186906, -257.66111983416556)
423 (26.25030719638735, -283.91142727497652, -257.66112007858919)
424 (26.243070046734914, -283.90419037782243, -257.66112033108755)
425 (26.237057888068282, -283.89817426236948, -257.66111637430117)
426 (26.232280863408608, -283.89339616814772, -257.6611153047391)
427 (26.228729265865272, -283.8898450426193, -257.661115776754)
428 (26.226390644041114, -283.88750905127694, -257.66111840723585)
429 (26.225259973192117, -283.88637867249429, -257.66111869930216)
430 (26.225327031267952, -283.88644564266883, -257.66111861140087)
431 (26.226589302936681, -283.88770847554485, -257.66111917260815)
432 (26.229041468498121, -283.8901609559519, -257.66111948745379)
433 (26.232689206243723, -283.89380467244723, -257.66111546620351)
434 (26.237527593552873, -283.89864338948917, -257.66111579593627)
435 (26.243539446857458, -283.90465589917011, -257.66111645231263)
436 (26.250723015590907, -283.911839241113, -257.66111622552211)
437 (26.259071930884865, -283.92018850776907, -257.66111657688418)
438 (26.268576989834781, -283.92969392512214, -257.66111693528734)
439 (26.279232468050928, -283.9403497686975, -257.66111730064659)
440 (26.29103252943634, -283.95215020231331, -257.66111767287697)
441 (26.30397155665154, -283.96508957292951, -257.66111801627795)
442 (26.318043500014753, -283.9791619020009, -257.66111840198613)
443 (26.333242366338929, -283.9943614741901, -257.66111910785116)
444 (26.349561894417963, -284.01068140110482, -257.66111950668687)
445 (26.366997778180089, -284.0281160666762, -257.66111828849614)
446 (26.385543581802231, -284.04666228192025, -257.66111870011804)
447 (26.405190175337186, -284.06630929332078, -257.66111911798362)
448 (26.425930877449847, -284.08705041944745, -257.66111954199761)
449 (26.447766944036815, -284.10888708845368, -257.66112014441688)
450 (26.470691628632494, -284.13181220909502, -257.66112058046252)
451 (26.494689967000756, -284.15581098937241, -257.66112102237167)
452 (26.519754889227329, -284.18087635927429, -257.66112147004696)
453 (26.545879232029606, -284.20700115542058, -257.66112192339097)
454 (26.573056606277873, -284.23417942306634, -257.66112281678846)
455 (26.601279678842388, -284.26240296001919, -257.6611232811768)
456 (26.630543111623393, -284.2916671729443, -257.66112406132089)
457 (26.660844172482321, -284.32196748971489, -257.66112331723258)
458 (26.692172376327694, -284.35329617384502, -257.66112379751735)
459 (26.724516248946919, -284.38564012890191, -257.66112387995497)
460 (26.757868029991851, -284.4189924002747, -257.66112437028283)
461 (26.792220649528453, -284.45334423523542, -257.66112358570695)
462 (26.827566442075977, -284.48869073120403, -257.66112428912805)
463 (26.863903325763438, -284.52502549009, -257.66112216432657)
464 (26.901223089337709, -284.562345762858, -257.66112267352031)
465 (26.939520852995919, -284.60065266213468, -257.66113180913874)
466 (26.978799711942301, -284.63993422485373, -257.66113451291142)
467 (27.019040686891842, -284.6801757221649, -257.66113503527305)
468 (27.060224279519268, -284.72135984129432, -257.66113556177504)
469 (27.102342040025373, -284.76347813233605, -257.6611360923107)
470 (27.145390023424707, -284.80652244345691, -257.66113242003223)
471 (27.189359707598769, -284.85049266596735, -257.66113295836857)
472 (27.234237893626094, -284.89537139404774, -257.66113350042167)
473 (27.280015874354991, -284.94114992044359, -257.66113404608859)
474 (27.326684882583585, -284.98781947784374, -257.66113459526014)
475 (27.374237254425545, -285.03537200793158, -257.66113475350602)
476 (27.422667817824735, -285.08380366572851, -257.66113584790378)
477 (27.471966527131709, -285.1331029341178, -257.66113640698609)
478 (27.522120711364813, -285.18325768051614, -257.6611369691513)
479 (27.573121796701926, -285.23425947879929, -257.66113768209738)
480 (27.624960698249481, -285.28609894835967, -257.66113825011018)
481 (27.677635643595767, -285.33877521515598, -257.66113957156023)
482 (27.731138622713047, -285.39227855070175, -257.6611399279887)
483 (27.785456807132729, -285.44660083137944, -257.66114402424671)
484 (27.840579908089673, -285.50172451086195, -257.66114460277225)
485 (27.896494433781118, -285.55763961742241, -257.66114518364128)
486 (27.953191022795924, -285.61433678954455, -257.66114576674863)
487 (28.010660275031189, -285.6718066270206, -257.66114635198943)
488 (28.068892753324857, -285.73003969258355, -257.66114693925869)
489 (28.127878985084383, -285.78902651353678, -257.66114752845237)
490 (28.187609463911173, -285.84875758337853, -257.66114811946738)
491 (28.248080878403197, -285.90923549844541, -257.66115462004223)
492 (28.309283733107211, -285.97043894754853, -257.66115521444129)
493 (28.371206992067247, -286.03236740739612, -257.66116041532888)
494 (28.433841100541905, -286.09500211320557, -257.66116101266368)
495 (28.497176888852046, -286.15834167540351, -257.66116478655147)
496 (28.56120473742056, -286.22237012385744, -257.66116538643689)
497 (28.62590974155674, -286.28707572898537, -257.6611659874286)
498 (28.691282180606184, -286.35244877003402, -257.66116658942781)
499 (28.757312314457092, -286.4184795067909, -257.66116719233383)
500 (28.823990385103158, -286.4851581811505, -257.66116779604732)
501 (28.891309776209265, -286.55247803166134, -257.66116825545208)
502 (28.959263840000322, -286.62043394794972, -257.66117010794937)
503 (29.02784794862049, -286.68901327221704, -257.66116532359655)
504 (29.097052668372452, -286.75821920901586, -257.66116654064342)
505 (29.166859956223302, -286.82802710332572, -257.66116714710245)
506 (29.237256610461408, -286.89842436425113, -257.6611677537897)
507 (29.308232788074495, -286.96940114868261, -257.66116836060809)
508 (29.379778640316964, -287.04094760778361, -257.66116896746666)
509 (29.451884314191911, -287.11305388846176, -257.66116957426988)
510 (29.524540096737653, -287.18571040866675, -257.66117031192908)
511 (29.597739990313507, -287.25891002150621, -257.66117003119268)
512 (29.671474037141746, -287.33264467444729, -257.66117063730553)
513 (29.745728818634237, -287.40690006138902, -257.66117124275479)
514 (29.820494484187577, -287.48166633212907, -257.66117184794149)
515 (29.895764336842213, -287.55693902318092, -257.66117468633871)
516 (29.971528586911102, -287.63270387716381, -257.66117529025269)
517 (30.047776467904114, -287.70895044559899, -257.66117397769489)
518 (30.124499562404811, -287.78567459253247, -257.66117503012765)
519 (30.201685598323788, -287.86286122980999, -257.66117563148623)
520 (30.279325000507058, -287.94049969983325, -257.66117469932618)
521 (30.357407991970994, -288.01858329052391, -257.66117529855291)
522 (30.435924633176644, -288.09710137775647, -257.66117674457985)
523 (30.514871859100449, -288.17604893525856, -257.66117707615814)
524 (30.594238559783275, -288.25541623139355, -257.66117767161029)
525 (30.674009317258133, -288.33518721404835, -257.66117789679021)
526 (30.754174431640934, -288.41535292092948, -257.66117848928855)
527 (30.834723486094344, -288.49590263108922, -257.66117914499489)
528 (30.91564681320812, -288.57682654742814, -257.66117973422001)
529 (30.996934524364878, -288.65811484605774, -257.66118032169288)
530 (31.078577719881075, -288.73975840903813, -257.66118068915705)
531 (31.160566885686322, -288.821748192565, -257.66118130687869)
532 (31.242901499198279, -288.90408558302306, -257.66118408382476)
533 (31.32559025325596, -288.98675712476381, -257.66116687150787)
534 (31.408614044336634, -289.06978149369183, -257.66116744935522)
535 (31.491946169962723, -289.15311462721877, -257.66116845725605)
536 (31.575585195737993, -289.23674815768726, -257.66116296194929)
537 (31.659526351428521, -289.32069141196791, -257.66116506053942)
538 (31.743752324591973, -289.40491795391415, -257.66116562932217)
539 (31.828248279687148, -289.4894144753265, -257.66116619563934)
540 (31.913005812987123, -289.57417303621509, -257.66116722322795)
541 (31.99801564792422, -289.65918343234847, -257.66116778442426)
542 (32.083267619687497, -289.74443596264757, -257.66116834296008)
543 (32.168752517716314, -289.82992141648941, -257.6611688987731)
544 (32.254464334125949, -289.91563218141721, -257.66116784729127)
545 (32.340397156966368, -290.00156388475358, -257.66116672778719)
546 (32.42653875610371, -290.08770603124231, -257.66116727513861)
547 (32.512877992731717, -290.17404496808535, -257.66116697535364)
548 (32.599405877486639, -290.26057339420623, -257.66116751671962)
549 (32.686112375383701, -290.34728043038911, -257.66116805500542)
550 (32.772989381762358, -290.4341577213753, -257.66116833961291)
551 (32.860029040877301, -290.52119851256765, -257.66116947169036)
552 (32.947221741337991, -290.6083917417472, -257.66117000040919)
553 (33.034557714526464, -290.69572824035436, -257.66117052582791)
554 (33.122028238286298, -290.7831992861814, -257.6611710478951)
555 (33.209624640424906, -290.87079620698438, -257.66117156655946)
556 (33.297339382660113, -290.9585114281108, -257.66117204545071)
557 (33.385163904761988, -291.04633646192974, -257.66117255716773)
558 (33.473088609766251, -291.13426167510039, -257.66117306533414)
559 (33.561111544423987, -291.22228326985743, -257.66117172543346)
560 (33.649226573726352, -291.31039699238772, -257.66117041866136)
561 (33.737418882878202, -291.39858979880631, -257.6611709159281)
562 (33.825692476768253, -291.48686524796915, -257.66117277120088)
563 (33.914040841321246, -291.57521340198537, -257.66117256066411)
564 (34.002441356059514, -291.66361440276614, -257.66117304670661)
565 (34.090889409199775, -291.75206706588705, -257.6611776566873)
566 (34.179377964555286, -291.84055532497183, -257.66117736041656)
567 (34.267893913395135, -291.92907174820357, -257.66117783480843)
568 (34.356429433383575, -292.01760821866833, -257.66117878528473)
569 (34.444976651492262, -292.10615590315712, -257.66117925166486)
570 (34.533526615093947, -292.19470632908485, -257.66117971399092)
571 (34.622080325900725, -292.28325926474309, -257.66117893884234)
572 (34.710634444066358, -292.37181688964927, -257.66118244558288)
573 (34.79917263886702, -292.46035553441288, -257.66118289554583)
574 (34.887683083329399, -292.54886642464669, -257.66118334131727)
575 (34.976158258110019, -292.6373420409746, -257.66118378286455)
576 (35.064600114032785, -292.72579194259941, -257.66119182856664)
577 (35.153001312466635, -292.81419357413387, -257.66119226166722)
578 (35.241345143043944, -292.90253783349578, -257.66119269045186)
579 (35.329628201083857, -292.99082273278441, -257.66119453170057)
580 (35.417847432235448, -293.0790400318806, -257.66119259964512)
581 (35.505991911832282, -293.1671849271911, -257.66119301535883)
582 (35.59405050217763, -293.25524392882431, -257.66119342664666)
583 (35.682016824753269, -293.34321027932918, -257.66119345457594)
584 (35.76988396359242, -293.43107782053465, -257.66119385694225)
585 (35.857644846547679, -293.51883924921651, -257.66119440266885)
586 (35.945293285478591, -293.60648769062891, -257.6611944051503)
587 (36.032822180761904, -293.69401697472205, -257.66119479396014)
588 (36.120224294737262, -293.78141947294336, -257.66119517820607)
589 (36.207494095742383, -293.8686897119498, -257.66119561620741)
590 (36.294626206212207, -293.9558221326381, -257.66119592642588)
591 (36.381627761426714, -294.04282126840315, -257.66119350697642)
592 (36.468496554598033, -294.12969112160005, -257.66119456700198)
593 (36.555212784240652, -294.21640800306756, -257.66119521882689)
594 (36.64176609177067, -294.30296217059686, -257.66119607882621)
595 (36.728149341274097, -294.38934577198114, -257.66119643070704)
596 (36.814355514340789, -294.47555229222519, -257.66119677788441)
597 (36.900378610042985, -294.56157573038695, -257.66119712034396)
598 (36.986216319963226, -294.64741368160071, -257.66119736163751)
599 (37.071862831589577, -294.7330605262157, -257.66119769462614)
600 (37.157315719694346, -294.81851735606784, -257.66120163637351)
601 (37.242569317939797, -294.90377127782608, -257.66120195988628)
602 (37.327611047593848, -294.98881332621625, -257.6612022786224)
603 (37.412437503368984, -295.07363931666475, -257.66120181329575)
604 (37.497043225537062, -295.15824534799492, -257.66120212245784)
605 (37.581420660514844, -295.24262308733086, -257.66120242681603)
606 (37.665564473936278, -295.32676720029815, -257.66120272636186)
607 (37.749469646648599, -295.41067249650297, -257.66120284985436)
608 (37.833136551253361, -295.49434125902923, -257.66120470777588)
609 (37.916563358707201, -295.57777130231079, -257.66120794360359)
610 (37.999739530481534, -295.6609477543621, -257.66120822388058)
611 (38.082664282233814, -295.74386759059172, -257.66120330835793)
612 (38.165339351111243, -295.82653725525029, -257.66119790413904)
613 (38.247755226253489, -295.90895506974874, -257.66119984349524)
614 (38.329900618017064, -295.99110072256087, -257.66120010454381)
615 (38.411767974439769, -296.07296833518126, -257.66120036074147)
616 (38.493352715137888, -296.15455332722541, -257.66120061208755)
617 (38.574650521702594, -296.23585138025987, -257.66120085855727)
618 (38.655657337481287, -296.31685835021477, -257.6612010127335)
619 (38.736368627186614, -296.39756987671376, -257.66120124952715)
620 (38.816779744710587, -296.47798122617934, -257.66120148146877)
621 (38.89689284568049, -296.55809482170605, -257.66120197602555)
622 (38.976707739391308, -296.63790955446842, -257.66120181507711)
623 (39.056214081003944, -296.71741611353065, -257.66120203252672)
624 (39.135404010475952, -296.79660625561098, -257.66120224513503)
625 (39.21427735329366, -296.87547801526961, -257.66120066197595)
626 (39.292840778264683, -296.95403573794431, -257.66119495967962)
627 (39.371089114686527, -297.032284127526, -257.66119501283947)
628 (39.449008207456927, -297.11020341379088, -257.66119520633396)
629 (39.526592210495764, -297.1877876055085, -257.66119539501273)
630 (39.603838421822999, -297.26503465169287, -257.66119622986986)
631 (39.680743405511727, -297.34193981445435, -257.6611964089426)
632 (39.757302985104864, -297.41849956832499, -257.66119658322015)
633 (39.833514817582135, -297.49471124667178, -257.66119642908967)
634 (39.909375688751517, -297.57057228256656, -257.66119659381502)
635 (39.984887416734061, -297.64607911361207, -257.66119169687801)
636 (40.060053323238449, -297.72124394150808, -257.66119061826964)
637 (40.134866595111106, -297.79605749480908, -257.661190899698)
638 (40.209320040863695, -297.87051139228032, -257.66119135141662)
639 (40.283422448173255, -297.94462021886079, -257.66119777068752)
640 (40.357169096495355, -298.0183670036476, -257.66119790715226)
641 (40.4305437034199, -298.09174174233152, -257.66119803891161)
642 (40.503552005876998, -298.16475371231149, -257.6612017064345)
643 (40.576191535418651, -298.23739336427576, -257.66120182885709)
644 (40.648461307830985, -298.30967145307278, -257.6612101452418)
645 (40.720360491918001, -298.38157197363506, -257.66121148171703)
646 (40.791876983654696, -298.45308857390683, -257.66121159025215)
647 (40.863012040711027, -298.52422504668533, -257.66121300597433)
648 (40.933763495192046, -298.59497660051812, -257.66121310532606)
649 (41.004124509705797, -298.66533772050582, -257.66121321080004)
650 (41.074112538596552, -298.73534495462479, -257.66123241602827)
651 (41.143725469071804, -298.80495797080232, -257.66123250173052)
652 (41.212941982786482, -298.87417456566675, -257.66123258288025)
653 (41.281760274828166, -298.94299293432294, -257.66123265949477)
654 (41.350186214221729, -299.01142141050218, -257.66123519628047)
655 (41.418220177555853, -299.0794560833333, -257.66123590577746)
656 (41.485852986139271, -299.14708895509301, -257.66123596895375)
657 (41.553081155098454, -299.21431718276233, -257.6612360276639)
658 (41.619903239154446, -299.28113932108158, -257.66123608192714)
659 (41.686317864414377, -299.34755399617444, -257.66123613176006)
660 (41.752324673757684, -299.4135610528391, -257.6612363790814)
661 (41.817923738789801, -299.4791591927563, -257.66123545396647)
662 (41.883141492534115, -299.54438001130455, -257.66123851877046)
663 (41.947976730559041, -299.60921528058645, -257.66123855002741)
664 (42.01240257695752, -299.67364240960819, -257.66123983265066)
665 (42.076416991867745, -299.73765684844176, -257.66123985657401)
666 (42.140030215079769, -299.80126635047026, -257.66123613539048)
667 (42.203257449561342, -299.86450762680505, -257.66125017724369)
668 (42.266084280631119, -299.92733446912973, -257.66125018849863)
669 (42.32849568215039, -299.98974617772978, -257.6612504955794)
670 (42.390494549366139, -300.05174303099955, -257.66124848163338)
671 (42.452079550810438, -300.1133286373622, -257.66124908655178)
672 (42.513247184850186, -300.17449654548346, -257.66124936063329)
673 (42.573998435790514, -300.23524785708003, -257.66124942128954)
674 (42.634332513570165, -300.29558192110608, -257.66124940753593)
675 (42.694248527583703, -300.35549645905508, -257.66124793147139)
676 (42.753749753459147, -300.41499585392728, -257.66124610046813)
677 (42.812836384232568, -300.47408124960549, -257.66124486537291)
678 (42.871510404959295, -300.53275955561435, -257.66124915065507)
679 (42.929769968525179, -300.59101908525383, -257.66124911672864)
680 (42.987633882181456, -300.64888693477644, -257.66125305259499)
681 (43.045113776324108, -300.70636201573683, -257.66124823941271)
682 (43.102188342496, -300.76343462918408, -257.66124628668808)
683 (43.158846444841537, -300.82009268210004, -257.66124623725852)
684 (43.215093940509121, -300.87634610718243, -257.66125216667331)
685 (43.270931230558624, -300.93218334011777, -257.66125210955914)
686 (43.326350511897168, -300.98760256051764, -257.6612520486205)
687 (43.38136007335661, -301.04261122090276, -257.66125114754612)
688 (43.43596375114253, -301.09721227619787, -257.66124852505533)
689 (43.490156057724292, -301.15140605647082, -257.66124999874654)
690 (43.543936064040437, -301.20518573870936, -257.66124967466891)
691 (43.597302828256502, -301.25855242333887, -257.66124959508238)
692 (43.650255499853543, -301.3115050116823, -257.66124951182877)
693 (43.702795579859888, -301.36404460915537, -257.6612490292955)
694 (43.754923983806599, -301.41617292260065, -257.66124893879407)
695 (43.806641826513044, -301.46789041210781, -257.66124858559476)
696 (43.857950141255202, -301.51919862920732, -257.66124848795209)
697 (43.908861820862967, -301.57011116044816, -257.6612493395852)
698 (43.959378126224415, -301.62062734888644, -257.66124922266204)
699 (44.00949010955712, -301.67073999129326, -257.66124988173613)
700 (44.059198933917976, -301.72044870422212, -257.66124977030415)
701 (44.108517447162058, -301.76977138559317, -257.66125393843112)
702 (44.157449781705871, -301.81870594526481, -257.66125616355896)
703 (44.205983390437446, -301.86723943253065, -257.66125604209321)
704 (44.254118244045799, -301.91537322595713, -257.66125498191133)
705 (44.301855877375729, -301.96311073119529, -257.66125485381957)
706 (44.349197145148743, -302.01045187113994, -257.66125472599117)
707 (44.396143686583244, -302.05739827797299, -257.66125459138976)
708 (44.442698831833333, -302.10395433354978, -257.66125550171643)
709 (44.488866204912682, -302.15012077772207, -257.66125457280941)
710 (44.534646462139406, -302.19590073712919, -257.6612542749898)
711 (44.580043357233251, -302.24129892770259, -257.66125557046934)
712 (44.625057813535534, -302.28631323368882, -257.66125542015328)
713 (44.669688022242731, -302.33094328901501, -257.66125526677229)
714 (44.713940618089381, -302.37519923750892, -257.66125861941953)
715 (44.757836426351204, -302.41908710725266, -257.66125068090145)
716 (44.80137299026255, -302.4626235088574, -257.66125051859484)
717 (44.844534876012261, -302.50578502723238, -257.66125015122009)
718 (44.88732428519279, -302.54857426825492, -257.66124998306213)
719 (44.929742385576461, -302.59099219759912, -257.66124981202267)
720 (44.971791471920149, -302.63304111005067, -257.66124963813053)
721 (45.013474705062201, -302.67472340283092, -257.66124869776871)
722 (45.054794931574158, -302.7160438337018, -257.66124890212762)
723 (45.095754647856637, -302.75700284075793, -257.66124819290133)
724 (45.136355879009805, -302.79760388693842, -257.66124800792863)
725 (45.176604454876625, -302.83785376734824, -257.66124931247163)
726 (45.216517017025424, -302.87777829258448, -257.66126127555907)
727 (45.256092078598869, -302.9173531612567, -257.6612610826578)
728 (45.295320894304119, -302.95658200097614, -257.66126110667204)
729 (45.334206170791205, -302.99546707940681, -257.66126090861559)
730 (45.372748045546643, -303.03400875356795, -257.6612607080213)
731 (45.410955628592262, -303.07221045251737, -257.66125482392511)
732 (45.448855800498535, -303.11009797996701, -257.66124217946845)
733 (45.486445155872559, -303.14768712750555, -257.66124197163299)
734 (45.523711985184882, -303.18495682845338, -257.66124484326849)
735 (45.560659312812021, -303.22190394346671, -257.66124463065466)
736 (45.59729033118716, -303.25853494932824, -257.6612446181411)
737 (45.633608089063472, -303.29485248996542, -257.66124440090198)
738 (45.66960608983721, -303.33085027121581, -257.66124418137861)
739 (45.705287437046287, -303.3665313966502, -257.66124395960389)
740 (45.740672983848469, -303.4019132105031, -257.66124022665463)
741 (45.775774717473006, -303.43700925264608, -257.66123453517309)
742 (45.810580612559669, -303.4718134074414, -257.66123279488176)
743 (45.845085208065782, -303.50631777263965, -257.66123256457388)
744 (45.879289363440321, -303.5405216956155, -257.66123233217519)
745 (45.913196399259171, -303.57442849697748, -257.66123209771831)
746 (45.946822983332652, -303.60805626820184, -257.66123328486918)
747 (45.980172557370736, -303.64140560382367, -257.66123304645294)
748 (46.013235247141992, -303.67446805321839, -257.66123280607638)
749 (46.046015153861177, -303.7072471843282, -257.66123203046703)
750 (46.078515766294501, -303.7397475525662, -257.66123178627168)
751 (46.110751188545706, -303.77198796241584, -257.66123677387014)
752 (46.14272500845334, -303.8039615344718, -257.66123652601846)
753 (46.174434108026077, -303.83567318030885, -257.6612390722828)
754 (46.205882841710725, -303.86712118670278, -257.66123834499206)
755 (46.23707030427223, -303.89830839619162, -257.66123809191942)
756 (46.267999352800494, -303.92923718994524, -257.66123783714477)
757 (46.298673688500443, -303.95991126920018, -257.66123758069972)
758 (46.329105125044741, -303.99034378791043, -257.66123866286569)
759 (46.359297400735912, -304.02053580401395, -257.66123840327805)
760 (46.389246206267359, -304.05048434838574, -257.66123814211835)
761 (46.418959542075434, -304.08019857781767, -257.66123903574226)
762 (46.448451090057709, -304.10969768231331, -257.66124659225562)
763 (46.477730436216106, -304.13898408525586, -257.66125364903974)
764 (46.506791643126547, -304.16804502517573, -257.66125338204915)
765 (46.535628702135391, -304.19688181578448, -257.66125311364908)
766 (46.564256435577605, -304.22550443638028, -257.66124800080269)
767 (46.592679997426288, -304.25392827506079, -257.66124827763451)
768 (46.62089243930393, -304.2821404446006, -257.66124800529667)
769 (46.648913259884232, -304.31015641541546, -257.66124315553122)
770 (46.676746512875575, -304.33798939361617, -257.66124288074059)
771 (46.704379525593183, -304.36562213032499, -257.6612426047318)
772 (46.731830663947889, -304.39306131037802, -257.66123064643011)
773 (46.759104056913671, -304.420334425026, -257.66123036811234)
774 (46.786198338661009, -304.44743219656596, -257.66123385790496)
775 (46.813134511468029, -304.47436373109053, -257.6612292196225)
776 (46.839908589463107, -304.50113735851227, -257.66122876904916)
777 (46.866525828033247, -304.52774723727833, -257.66122140924506)
778 (46.892989773265789, -304.55421089911374, -257.66122112584793)
779 (46.919290570584714, -304.5805081393284, -257.66121756874367)
780 (46.945432446691633, -304.60664973015747, -257.66121728346582)
781 (46.971418814530217, -304.63263680367743, -257.66121798914719)
782 (46.997259649957961, -304.65848261162353, -257.66122296166554)
783 (47.022956202325695, -304.68417887613936, -257.66122267381365)
784 (47.048507017888213, -304.70972940304381, -257.66122238515561)
785 (47.073928123381208, -304.73514431896899, -257.66121619558777)
786 (47.099223936641231, -304.76043984205012, -257.66121590540888)
787 (47.124387658991978, -304.78560364157136, -257.66121598257939)
788 (47.149423628370243, -304.81063931938223, -257.66121569101199)
789 (47.174335624963433, -304.83555102375817, -257.66121539879475)
790 (47.199128739039487, -304.86034370477739, -257.66121496573788)
791 (47.223811663756059, -304.88502345192177, -257.6612117881657)
792 (47.248390892601833, -304.90960015112728, -257.66120925852545)
793 (47.272866505887286, -304.9340754698959, -257.66120896400861)
794 (47.297247522301731, -304.95845961531847, -257.66121209301673)
795 (47.321558871949826, -304.98277243391146, -257.66121356196163)
796 (47.345797640526186, -305.00701090674374, -257.66121326621754)
797 (47.369947679802081, -305.03116064986995, -257.66121297006788)
798 (47.394028273971507, -305.05523410182514, -257.66120582785362)
799 (47.418048138495216, -305.07924998973459, -257.66120185123935)
800 (47.442000634611517, -305.1031987902316, -257.66119815562007)
801 (47.465891972322318, -305.12708830016874, -257.66119632784643)
802 (47.489724096025355, -305.15092111072551, -257.66119701470018)
803 (47.513495614114738, -305.17469233093925, -257.66119671682452)
804 (47.537214239781719, -305.19840880483628, -257.66119456505453)
805 (47.560887459303054, -305.22208059782253, -257.66119313851948)
806 (47.5845217771394, -305.24571006750074, -257.66118829036134)
807 (47.608125040811103, -305.26931814038056, -257.66119309956946)
808 (47.631695317586143, -305.29288811871555, -257.6611928011294)
809 (47.655231816689778, -305.31642481616126, -257.6611929994715)
810 (47.678739043758014, -305.33993174472192, -257.66119270096391)
811 (47.702220431662937, -305.36341283412577, -257.6611924024628)
812 (47.725680483774852, -305.38687258777242, -257.66119210399756)
813 (47.749123704621518, -305.41031551021888, -257.66119180559735)
814 (47.772554599423898, -305.43374610671412, -257.66119150729025)
815 (47.795987920672808, -305.45717738570823, -257.66118946503542)
816 (47.819429463262487, -305.48061915167489, -257.66118968841238)
817 (47.842873474159951, -305.50406286476641, -257.66118939060647)
818 (47.866323132831319, -305.52751222583595, -257.66118909300462)
819 (47.889782940244523, -305.55097173588007, -257.66118879563555)
820 (47.913257395330731, -305.57444589385614, -257.66118849852541)
821 (47.936752655173926, -305.59793983206617, -257.66118717689227)
822 (47.96027318772294, -305.62146006812259, -257.66118688039967)
823 (47.983822893278131, -305.64500851407786, -257.66118562079976)
824 (48.0074159394795, -305.66860910567209, -257.66119316619256)
825 (48.031063586810319, -305.69226418695831, -257.66120060014799)
826 (48.054760663122941, -305.7159609683859, -257.66120030526298)
827 (48.078503762861686, -305.73970377368846, -257.66120001082675)
828 (48.102297351168318, -305.76349706803461, -257.66119971686629)
829 (48.126145887179717, -305.78734531058871, -257.66119942340902)
830 (48.150053823597453, -305.81125295407651, -257.66119913047908)
831 (48.174025808462595, -305.83522477870014, -257.66119897023754)
832 (48.198067783241534, -305.85926504051218, -257.66119725727066)
833 (48.222183972620137, -305.88338093871329, -257.66119696609314)
834 (48.246378233974461, -305.90757456902702, -257.66119633505258)
835 (48.270654987111023, -305.93185103227211, -257.66119604516109)
836 (48.295017699068801, -305.9562134550215, -257.66119575595269)
837 (48.31947121734197, -305.98066677087684, -257.66119555353487)
838 (48.34402315348531, -306.00521983676708, -257.66119668328179)
839 (48.368685899257642, -306.02987920245488, -257.66119330319725)
840 (48.393460575048593, -306.05465359205971, -257.6611930170111)
841 (48.418344289789957, -306.07953690543991, -257.66119261564995)
842 (48.443341374639466, -306.10453370574794, -257.66119233110845)
843 (48.468457376096737, -306.1296488054308, -257.66119142933405)
844 (48.493696568202424, -306.15488771475884, -257.6611911465564)
845 (48.519060772555122, -306.18025163723564, -257.66119086468052)
846 (48.544554280807034, -306.20574486453654, -257.66119058372954)
847 (48.570187299601351, -306.23137642145559, -257.66118912185425)
848 (48.595964111396285, -306.25715295423691, -257.6611888428406)
849 (48.621900823434927, -306.28308865867029, -257.66118783523535)
850 (48.648007848524223, -306.30919094806956, -257.66118309954533)
851 (48.674274475096475, -306.33545756213073, -257.66118308703426)
852 (48.700698791066152, -306.36188160327475, -257.66118281220861)
853 (48.727282543079625, -306.38846533144124, -257.6611827883616)
854 (48.754039263521648, -306.41523037863129, -257.66119111510966)
855 (48.780972787676845, -306.44216363131738, -257.66119084364055)
856 (48.808077927136125, -306.46926850046003, -257.66119057332389)
857 (48.835358803819219, -306.49654910800166, -257.66119030418247)
858 (48.86281952216882, -306.52400955840767, -257.66119003623885)
859 (48.89046637665426, -306.55165400610923, -257.66118762945496)
860 (48.918303428528176, -306.57949079251114, -257.66118736398295)
861 (48.946333299636059, -306.60752016212774, -257.66118686249166)
862 (48.974560020111859, -306.63574661967886, -257.66118659956697)
863 (49.002987756961488, -306.6641740145115, -257.66118625755001)
864 (49.031620515918334, -306.69280651317439, -257.66118599725604)
865 (49.060461335167034, -306.72164707347281, -257.66118573830579)
866 (49.089523470386233, -306.75070403799356, -257.66118056760735)
867 (49.118817110975804, -306.77999993415193, -257.66118282317615)
868 (49.14833697460363, -306.80951967244829, -257.66118269784465)
869 (49.178080617088845, -306.83926306172333, -257.66118244463451)
870 (49.20805425291789, -306.86923619067289, -257.66118193775503)
871 (49.238261738549994, -306.89944342600586, -257.66118168745584)
872 (49.268704359803976, -306.92988579844473, -257.66118143864077)
873 (49.299385914566109, -306.96056710589141, -257.66118119132528)
874 (49.33031478798727, -306.99149650531331, -257.66118171732603)
875 (49.361494745151674, -307.02267621822142, -257.66118147306975)
876 (49.392924909638914, -307.05410614000937, -257.66118123037046)
877 (49.424616479482516, -307.08579535527952, -257.66117887579702)
878 (49.456573011727343, -307.11775164795512, -257.66117863622776)
879 (49.488790626909825, -307.14996902517993, -257.66117839827012)
880 (49.521272957117432, -307.1824511190577, -257.66117816194026)
881 (49.554023609476808, -307.21520153673282, -257.66117792725601)
882 (49.587046165860521, -307.24822386009629, -257.66117769423579)
883 (49.620344182596135, -307.28152164549215, -257.66117746289603)
884 (49.653929162976475, -307.31511213596718, -257.66118297299073)
885 (49.687804627514176, -307.34898737259914, -257.66118274508494)
886 (49.721979038895626, -307.38315414915678, -257.66117511026118)
887 (49.756456394107126, -307.41763161363889, -257.66117521953174)
888 (49.791240257557263, -307.4524151595798, -257.66117490202254)
889 (49.826336652367416, -307.4875131651637, -257.66117651279626)
890 (49.861735864685748, -307.52291215842268, -257.66117629373696)
891 (49.897438012226125, -307.55861408871726, -257.66117607649113)
892 (49.933456068507795, -307.59464119144513, -257.66118512293735)
893 (49.969793410639596, -307.63097831998397, -257.66118490934434)
894 (50.006443668327748, -307.66762836593745, -257.66118469760971)
895 (50.043411517037747, -307.70459458657871, -257.66118306954098)
896 (50.080715535595061, -307.74189586787912, -257.66118033228406)
897 (50.118363491094875, -307.77954630938251, -257.66118281828761)
898 (50.156343195705688, -307.81752580987035, -257.66118261416466)
899 (50.194651779567522, -307.85583419154358, -257.66118241197603)
900 (50.233292322470376, -307.89447453420468, -257.66118221173429)
901 (50.272281972281284, -307.93347622190123, -257.66119424961994)
902 (50.311623807113072, -307.97281786045465, -257.6611940533416)
903 (50.351310927092364, -308.01250102021697, -257.66119009312462)
904 (50.391346297542079, -308.05253619839192, -257.66118990084982)
905 (50.431732050779672, -308.09292206389188, -257.66119001311222)
906 (50.472471074728183, -308.13366089963193, -257.66118982490377)
907 (50.513562835453939, -308.17475247419196, -257.66118963873805)
908 (50.555010163349337, -308.21619961797796, -257.66118945462864)
909 (50.596816542297219, -308.25800583843062, -257.66118929613339)
910 (50.638996410172787, -308.30018118607683, -257.66118477590402)
911 (50.681570370465089, -308.34275200848168, -257.66118163801661)
912 (50.724531946762497, -308.38571401908865, -257.66118207232614)
913 (50.767870535287358, -308.42904785334315, -257.66117731805582)
914 (50.811591541841075, -308.47277110227333, -257.66117956043223)
915 (50.855692473438367, -308.51687186451011, -257.66117939107176)
916 (50.900170923765273, -308.56135014762958, -257.66117922386434)
917 (50.945029427105382, -308.60620848592481, -257.66117905881941)
918 (50.990270483880288, -308.65144937983149, -257.6611788959512)
919 (51.035896560465908, -308.69707529573395, -257.66117873526804)
920 (51.081910089011124, -308.74308866579275, -257.66117857678165)
921 (51.128313467260334, -308.78949188776301, -257.66117842050267)
922 (51.175122173666566, -308.8363107999694, -257.66118862630282)
923 (51.222338612161948, -308.88352708663137, -257.66118847446944)
924 (51.269957997152538, -308.93114273072666, -257.66118473357415)
925 (51.317982645717009, -308.97916723193254, -257.66118458621554)
926 (51.366408787787364, -309.02759322890023, -257.66118444111288)
927 (51.415263237282659, -309.07645443013263, -257.66119119284997)
928 (51.464550040039079, -309.12574283187388, -257.66119279183482)
929 (51.514246750060067, -309.1754394036488, -257.66119265358873)
930 (51.564355424074677, -309.22554823346326, -257.66119280938858)
931 (51.614881271827436, -309.27607524894734, -257.66119397711992)
932 (51.665824570486251, -309.32701841628869, -257.66119384580247)
933 (51.717197589664352, -309.3783801401853, -257.66118255052095)
934 (51.769002157139489, -309.43018458107787, -257.66118242393838)
935 (51.821226676222523, -309.48240897590972, -257.6611822996872)
936 (51.873873885321878, -309.53505676016766, -257.66118287484579)
937 (51.926945609837254, -309.58812836512237, -257.6611827552851)
938 (51.980443523894316, -309.64162635107641, -257.66118282718207)
939 (52.034375692777701, -309.69555562920141, -257.66117993642371)
940 (52.088743167228699, -309.74992299119384, -257.66117982396514)
941 (52.143541335167555, -309.80472104904942, -257.66117971388189)
942 (52.198774269548878, -309.8599527949354, -257.6611785253865)
943 (52.254443570588634, -309.91562199065726, -257.66117842006861)
944 (52.310548365256594, -309.97172668240029, -257.66117831714371)
945 (52.367096537795732, -310.02827771157314, -257.66118117377744)
946 (52.424090991737181, -310.08527161658924, -257.66118062485208)
947 (52.481526868130167, -310.14270739728806, -257.66118052915789)
948 (52.539405011025437, -310.2005850468675, -257.66118003584205)
949 (52.597731382535308, -310.25891552825186, -257.66118414571656)
950 (52.656506551093621, -310.31769060838656, -257.66118405729293)
951 (52.715727229744076, -310.37691120104398, -257.66118397129992)
952 (52.775403306873031, -310.4365953267087, -257.66119201983565)
953 (52.835536009634275, -310.49672794836238, -257.66119193872811)
954 (52.896123785393208, -310.55731630153826, -257.66119251614504)
955 (52.957167744905341, -310.61836018484962, -257.66119243994427)
956 (53.018666196280996, -310.67985864855507, -257.66119245227407)
957 (53.080620276918381, -310.74181265789178, -257.66119238097338)
958 (53.143035789636286, -310.80423148687157, -257.66119569723526)
959 (53.20591375395248, -310.86710938481389, -257.66119563086141)
960 (53.269247995450748, -310.93044296386955, -257.66119496841878)
961 (53.333061371342772, -310.99427151044557, -257.66121013910282)
962 (53.39735394873783, -311.05856402886309, -257.66121008012527)
963 (53.46210457290109, -311.1233145965146, -257.66121002361353)
964 (53.527314839141567, -311.18852513038354, -257.66121029124196)
965 (53.59299855361477, -311.25420608333599, -257.6612075297212)
966 (53.659158179472982, -311.3203645249007, -257.66120634542773)
967 (53.72578137093052, -311.38698766975824, -257.66120629882772)
968 (53.79286628597881, -311.4540725406797, -257.66120625470091)
969 (53.86043117887715, -311.52162823515789, -257.66119705628074)
970 (53.928476669419105, -311.58967368654299, -257.66119701712387)
971 (53.996985632334571, -311.65818261277497, -257.66119698044042)
972 (54.06595898805314, -311.72715552865918, -257.66119654060606)
973 (54.135398054010437, -311.7965942997883, -257.66119624577789)
974 (54.205306902909527, -311.86650677905902, -257.66119987614951)
975 (54.27568502414919, -311.93688487351824, -257.66119984936904)
976 (54.346535866322604, -312.00773917832197, -257.66120331199937)
977 (54.417859778923244, -312.07906306908296, -257.66120329015973)
978 (54.489649785277997, -312.15085305606874, -257.66120327079074)
979 (54.561916036677452, -312.22311222075012, -257.66119618407265)
980 (54.634658788665234, -312.29585495830867, -257.6611961696434)
981 (54.70786824652852, -312.36906440420722, -257.66119615767872)
982 (54.781544497105685, -312.44274064527963, -257.66119614817393)
983 (54.855687588237849, -312.51688372936593, -257.66119614112807)
984 (54.930297528804687, -312.59149366534433, -257.66119613653962)
985 (55.005374288763512, -312.6665704231678, -257.66119613440429)
986 (55.080917799192164, -312.74211393391067, -257.66119613471852)
987 (55.156927952335579, -312.818124089815, -257.66119613747941)
988 (55.233410402352241, -312.89460684988586, -257.6611964475336)
989 (55.310364963564638, -312.97156141875246, -257.66119645518779)
990 (55.387792083815377, -313.04899323133617, -257.66120114752079)
991 (55.465692521894773, -313.126893103584, -257.66120058168923)
992 (55.544065898980662, -313.2052657359597, -257.66119983697905)
993 (55.622911035106632, -313.28411088947928, -257.66119985437263)
994 (55.702221224209396, -313.36342109839211, -257.66119987418273)
995 (55.781996049368523, -313.44319594577519, -257.66119989640669)
996 (55.862237043922349, -313.52343768658739, -257.66120064266505)
997 (55.942943698827669, -313.60414436852767, -257.66120066970001)
998 (56.024114072753818, -313.68531489407189, -257.66120082131806)
999 (56.105747602672864, -313.76694845580937, -257.66120085313651)
