0 (69.888000000000034, -327.54587844028083, -257.6578784402808)
1 (65.132024072226116, -323.10284769797181, -257.97082362574571)
2 (51.942235185510199, -309.60163473436194, -257.65939954885175)
3 (35.899300378449617, -292.87453047836107, -256.97523009991147)
4 (26.735483534954696, -283.34893288029713, -256.61344934534242)
5 (29.05426911262234, -286.12821417796806, -257.0739450653457)
6 (37.240359353019862, -294.82906220178802, -257.58870284876815)
7 (43.783330097210204, -301.42959409880871, -257.64626400159852)
8 (46.927285216593447, -304.31023274553547, -257.38294752894205)
9 (49.809260472346679, -306.91928702122658, -257.11002654887989)
10 (56.108129510621453, -313.15292385834385, -257.04479434772242)
11 (66.750366977643878, -323.95113210215266, -257.20076512450879)
12 (79.488604877487106, -336.9139718643778, -257.42536698689071)
13 (90.88709668044298, -348.47371337672729, -257.5866166962843)
14 (98.130150612804073, -355.85110668272176, -257.72095606991769)
15 (99.407282838228639, -357.21450121342849, -257.80721837519985)
16 (94.860021684615077, -352.47067989503688, -257.61065821042178)
17 (88.915667328414756, -346.10254529671556, -257.18687796830079)
18 (87.331954405612166, -344.77251679088181, -257.44056238526963)
19 (88.354182530229394, -346.06984491444257, -257.71566238421315)
20 (88.176115169417614, -345.8488077028868, -257.67269253346922)
21 (86.633020797630493, -344.305567362293, -257.67254656466253)
22 (84.197475634992045, -341.84426897231117, -257.64679333731914)
23 (81.315943474472206, -339.01067919619368, -257.69473572172149)
24 (78.527159843623679, -335.98510755660436, -257.45794771298068)
25 (78.597028402624062, -336.03366559272627, -257.4366371901022)
26 (80.963980728926643, -338.82551122251971, -257.86153049359308)
27 (81.93001283950791, -339.470108626399, -257.54009578689107)
28 (83.249169557758407, -340.91908274638257, -257.66991318862415)
29 (83.782889888331837, -341.71448984099533, -257.93159995266348)
30 (80.752213418364931, -338.38441064247866, -257.63219722411372)
31 (79.174190325490514, -336.22954631306465, -257.0553559875741)
32 (84.035568712297774, -341.8684500177967, -257.83288130549892)
33 (88.167114229414906, -346.15684222464398, -257.98972799522909)
34 (87.286148955328841, -345.03449363854298, -257.74834468321416)
35 (83.71870818565101, -341.37067383709302, -257.65196565144203)
36 (79.714055096643918, -337.29558281848603, -257.58152772184212)
37 (76.99672509859478, -334.52718934987507, -257.53046425128031)
38 (77.730395629239851, -335.02146943685119, -257.29107380761133)
39 (84.537872256693674, -342.0022863395306, -257.46441408283692)
40 (94.347283408978853, -352.36550529264719, -258.01822188366833)
41 (98.900695706371977, -357.21063507921019, -258.30993937283824)
42 (94.722263160397318, -352.50128153275057, -257.77901837235322)
43 (87.734766284176231, -345.169692315026, -257.43492603084974)
44 (83.041563854242867, -340.63618761930553, -257.59462376506269)
45 (78.956551108105572, -336.80268637548318, -257.84613526737758)
46 (73.43355142432317, -330.96409223174527, -257.53054080742208)
47 (71.2199165360758, -328.28257523083175, -257.06265869475595)
48 (76.617947456914777, -334.30230342342952, -257.68435596651477)
49 (83.123824273900752, -341.11951116586533, -257.99568689196457)
50 (85.223533951628426, -343.01888318583764, -257.7953492342092)
51 (84.332440561052252, -342.02692442872092, -257.69448386766868)
52 (82.988295073285386, -340.47953250026393, -257.49123742697856)
53 (84.203083643249968, -341.72922005938, -257.52613641613004)
54 (86.799559575465992, -344.72243701563781, -257.92287744017182)
55 (85.767469569998852, -343.66318638073182, -257.89571681073295)
56 (81.706779638711055, -339.16086035046584, -257.45408071175478)
57 (81.112228518782217, -338.28115803603924, -257.16892951725703)
58 (87.56533296079914, -345.20997717225276, -257.64464421145362)
59 (95.147193597149013, -353.09802758493828, -257.95083398778928)
60 (98.434501958964404, -356.17318056299348, -257.73867860402908)
61 (98.420768554612991, -356.06608256715708, -257.64531401254408)
62 (96.308766543463037, -353.99268637412985, -257.68391983066681)
63 (92.121198143234651, -349.73872506828843, -257.61752692505377)
64 (87.366778742868988, -344.78935816825003, -257.42257942538106)
65 (85.070334536074853, -342.41430752450054, -257.34397298842566)
66 (86.300267288761944, -343.85619888513105, -257.55593159636908)
67 (88.21873098303081, -346.03137236512924, -257.81264138209843)
68 (87.586973747236627, -345.32343970381652, -257.73646595657988)
69 (84.869233537238244, -342.49672739999085, -257.6274938627526)
70 (81.150051863552477, -338.90412327567464, -257.75407141212213)
71 (76.506735816857315, -333.99024416337761, -257.4835083465203)
72 (73.832625982863689, -331.27948164637985, -257.44685566351615)
73 (74.649976690330845, -332.16044012242673, -257.51046343209589)
74 (77.595751185202104, -335.36143237932214, -257.76568119412002)
75 (79.253480997683425, -337.19843291805364, -257.94495192037022)
76 (77.83691952790484, -335.50429848736331, -257.66737895945846)
77 (76.956364772713272, -334.31691599222927, -257.36055121951597)
78 (80.183107912261647, -337.64898665131841, -257.46587873905673)
79 (85.914614344240647, -343.62802456312062, -257.71341021887997)
80 (89.754382191440499, -347.6582343518802, -257.90385216043967)
81 (88.951148824056688, -346.65008577018722, -257.69893694613052)
82 (86.132760180775733, -343.45566906804294, -257.3229088872672)
83 (85.919968438829017, -343.28621592609136, -257.36624748726234)
84 (87.996041884138975, -345.67396800758934, -257.67792612345033)
85 (88.464000609770252, -346.19900886458714, -257.73500825481688)
86 (86.390324556094754, -343.88028363787163, -257.48995908177687)
87 (84.719703157967345, -342.04275497063747, -257.32305181267014)
88 (85.421572208333743, -342.9143419251763, -257.49276971684253)
89 (87.020121996113346, -344.57008972213271, -257.54996772601936)
90 (88.330233195207981, -345.94857148051886, -257.61833828531087)
91 (87.981347036110165, -345.85154594806505, -257.8701989119549)
92 (85.053609940804051, -342.44876974909567, -257.39515980829162)
93 (86.136538659501355, -343.29895694452188, -257.16241828502052)
94 (92.543215411864153, -350.60942114273763, -258.06620573087349)
95 (94.658098993033747, -352.66013006324067, -258.00203107020695)
96 (90.896468648913526, -348.59655149806895, -257.70008284915542)
97 (85.332868684674537, -342.88581032874987, -257.5529416440753)
98 (81.983762682488816, -339.26231026208399, -257.27854757959517)
99 (83.100458342906336, -340.70881737580464, -257.60835903289831)
100 (85.606596625572124, -343.17862534826884, -257.5720287226967)
101 (88.554290875440458, -346.04989626024644, -257.49560538480597)
102 (91.801852166588745, -349.60687701644923, -257.8050248498605)
103 (91.993320122701064, -349.93088997058874, -257.93756984788769)
104 (89.629002175288889, -346.95186987966849, -257.32286770437963)
105 (91.440974309467521, -348.88948098999526, -257.44850668052777)
106 (97.780126249371378, -355.53382320277092, -257.75369695339953)
107 (102.33843461274292, -360.49782714928017, -258.15939253653727)
108 (99.266707910752345, -357.32666256058332, -258.05995464983096)
109 (89.732323043047856, -347.34300697351944, -257.61068393047157)
110 (80.469916652209264, -337.8854741221304, -257.41555746992117)
111 (76.194558490566777, -333.4630836926998, -257.26852520213299)
112 (79.200376122608986, -336.49854869570248, -257.2981725730935)
113 (87.696272761120909, -345.42928872927865, -257.73301596815776)
114 (95.262620120509496, -353.10018800817659, -257.83756788766709)
115 (98.60129350089683, -356.43162583314643, -257.83033233224961)
116 (97.010210609760335, -354.85372723694064, -257.84351662718029)
117 (91.663590270207422, -349.09669723349907, -257.43310696329166)
118 (88.57540430825955, -345.64980875486151, -257.07440444660199)
119 (91.08351475438505, -348.68348352461965, -257.59996877023457)
120 (93.519897552301003, -351.31015694195816, -257.79025938965714)
121 (91.801829534171077, -349.59487892574492, -257.79304939157385)
122 (85.929298716498749, -343.62781170811593, -257.69851299161718)
123 (79.451422634584191, -336.58811820805647, -257.13669557347225)
124 (79.214569053727814, -336.43994164377631, -257.22537259004849)
125 (83.985887086651658, -341.91970243143498, -257.93381534478334)
126 (85.838127266718445, -343.68314566273727, -257.84501839601882)
127 (84.682627633954951, -342.11923316437168, -257.43660553041673)
128 (85.336838867731529, -342.76827856887428, -257.43143970114272)
129 (88.171089887882644, -345.89887775889667, -257.72778787101402)
130 (89.491382472035156, -347.36218270366538, -257.87080023163026)
131 (87.295927912597946, -344.99512146754762, -257.69919355494966)
132 (83.852902155284099, -341.26926071335345, -257.41635855806936)
133 (83.058716693227083, -340.39689362820212, -257.33817693497502)
134 (85.447387130957367, -343.08084682214093, -257.63345969118359)
135 (87.379381868927609, -345.13619048582649, -257.75680861689887)
136 (86.602287159731972, -344.29324828523886, -257.69096112550687)
137 (84.390143669550866, -341.87917162928136, -257.48902795973049)
138 (83.280134771030177, -340.86529032174553, -257.58515555071534)
139 (82.37002472288637, -340.22944052798107, -257.85941580509473)
140 (79.341963644996909, -336.9969461232356, -257.65498247823871)
141 (77.318112489796547, -334.65833144386386, -257.34021895406732)
142 (80.672502919286998, -338.1070229489664, -257.43452002967939)
143 (86.877512949956028, -344.81288023204269, -257.93536728208664)
144 (90.267765992548192, -347.93255456379131, -257.66478857124309)
145 (92.147528844786294, -349.75466194839515, -257.60713310360887)
146 (93.021792963272944, -350.76054864208879, -257.73875567881583)
147 (91.590656029056333, -349.09426620211622, -257.50361017305988)
148 (89.768610433671981, -347.33769738491969, -257.5690869512477)
149 (87.743359537348297, -345.2968445343937, -257.55348499704542)
150 (86.430947838120247, -343.76770348282975, -257.33675564470951)
151 (88.230730332904926, -345.72643154635654, -257.49570121345164)
152 (91.616740782328677, -349.33936758362717, -257.72262680129847)
153 (93.781677626578784, -351.38076408307143, -257.59908645649261)
154 (94.653286676948099, -352.33868375579181, -257.68539707884372)
155 (93.627266294333452, -351.28622330976475, -257.65895701543127)
156 (91.623950910760755, -349.05071299955353, -257.42676208879277)
157 (91.027045586839449, -348.60120322708667, -257.57415764024722)
158 (90.846799343675471, -348.51266680737206, -257.6658674636966)
159 (89.517084975754599, -347.14691459150515, -257.62982961575057)
160 (87.562390069150112, -345.05883387030923, -257.4964438011591)
161 (86.798101446033172, -344.23871813485533, -257.44061668882216)
162 (87.670384348596684, -345.32565798750574, -257.65527363890908)
163 (88.63630394865072, -346.21492203055118, -257.57861808190046)
164 (89.810865301917246, -347.42897692285067, -257.6181116209334)
165 (90.693226309962995, -348.39316611476437, -257.69993980480137)
166 (89.489966706938503, -347.24703844833203, -257.75707174139353)
167 (85.905230911424638, -343.41134224027888, -257.50611132885422)
168 (83.138129772675626, -340.59768914451064, -257.45955937183498)
169 (82.808744411974843, -340.29925887885429, -257.49051446687946)
170 (84.920115230541654, -342.34405857914379, -257.42394334860217)
171 (89.428441194853377, -347.0074385325612, -257.57899733770785)
172 (94.154334396730619, -351.78109787553927, -257.62676347880864)
173 (97.310825533955935, -355.01138548668837, -257.70055995273242)
174 (97.303637979297761, -355.07370634651625, -257.77006836721847)
175 (93.60025551404668, -351.11961791988932, -257.51936240584263)
176 (89.371282079954483, -346.63561807990038, -257.2643359999459)
177 (87.610511438132733, -345.05969103882535, -257.44917960069262)
178 (86.628676011153502, -344.26203489366935, -257.63335888251584)
179 (84.186633044645447, -341.75118007160353, -257.56454702695805)
180 (81.146010396190846, -338.57894474295682, -257.43293434676599)
181 (79.510058250474103, -336.91717761118792, -257.40711936071381)
182 (80.047090954422046, -337.54836062427336, -257.5012696698513)
183 (81.563935249453749, -339.24852081742358, -257.68458556796986)
184 (82.19109459528444, -339.82258663449926, -257.63149203921483)
185 (82.342821321873927, -339.86442175391232, -257.52160043203838)
186 (83.692433099166863, -341.12878412961794, -257.43635103045108)
187 (87.837096374109535, -345.20687348016833, -257.36977710605879)
188 (94.523742435685136, -352.26900085912155, -257.74525842343644)
189 (99.309536746040976, -357.20033955243025, -257.89080280638927)
190 (99.830576080115407, -357.54311999660666, -257.71254391649126)
191 (98.159003536958224, -355.70376658070035, -257.54476304374214)
192 (97.35917049098083, -354.8457632168396, -257.48659272585877)
193 (97.727164097877946, -355.57065964770698, -257.84349554982902)
194 (95.907694751117916, -353.67548024146737, -257.76778549034947)
195 (92.269753417437983, -349.76496373424362, -257.49521031680564)
196 (89.946599120084969, -347.43318871683147, -257.48658959674651)
197 (89.599709041945971, -347.22308902430211, -257.62337998235614)
198 (90.001706082974948, -347.60925297253954, -257.60754688956456)
199 (91.451559655933835, -348.99824447322601, -257.5466848172922)
200 (93.289386516944802, -351.19905805760368, -257.90967154065891)
201 (91.675279521813607, -349.53127116951828, -257.85599164770468)
202 (87.244540924454682, -344.66758146529497, -257.4230405408403)
203 (86.469278906016413, -343.55784109168923, -257.0885621856728)
204 (92.053006898072567, -349.88973979722778, -257.83673289915521)
205 (96.014549424775666, -354.06095976688766, -258.04641034211198)
206 (93.492208866875472, -351.34133024907976, -257.84912138220432)
207 (86.592432001639537, -344.22677035162246, -257.63433834998295)
208 (79.807569024501646, -337.08606582927598, -257.27849680477436)
209 (78.920409247013524, -336.07607722031452, -257.15566797330098)
210 (84.974146623014931, -342.62887056692779, -257.65472394391287)
211 (91.879806031199394, -349.7602428631165, -257.88043683191711)
212 (94.767033878402088, -352.72502044813149, -257.95798656972943)
213 (91.96508806983023, -349.88451134920251, -257.91942327937227)
214 (85.905031435153305, -343.23636671343797, -257.33133527828466)
215 (83.724202637729078, -341.11506519044377, -257.39086255271468)
216 (85.780814870602853, -343.52727559649918, -257.74646072589633)
217 (87.171143204014598, -344.8863213941691, -257.71517819015452)
218 (86.672987165909021, -344.28488357874829, -257.61189641283926)
219 (85.623214402013105, -343.06383958855798, -257.44062518654488)
220 (86.138696727208625, -343.56192710392958, -257.42323037672094)
221 (88.419156712390631, -346.0227222275725, -257.60356551518186)
222 (90.069268821926599, -347.87928955012319, -257.8100207281966)
223 (88.847500813881098, -346.54643720652484, -257.69893639264376)
224 (86.914388665902351, -344.30847413939472, -257.3940854734924)
225 (87.279938935091181, -344.87939692934106, -257.59945799424986)
226 (88.46944173584582, -346.0531016550338, -257.58365991918799)
227 (89.814628121492618, -347.4131353414611, -257.5985072199685)
228 (91.090156545605822, -348.76377560563623, -257.67361906003043)
229 (91.715117947600078, -349.39204605934594, -257.67692811174584)
230 (91.640121704251669, -349.27272384852301, -257.63260214427135)
231 (91.51056353309049, -349.07052404002349, -257.55996050693301)
232 (91.399005816811169, -349.10217970626547, -257.70317388945432)
233 (89.95920753318174, -347.67186448485489, -257.71265695167313)
234 (86.621161188187585, -344.42640304895502, -257.80524186076741)
235 (81.146315393521817, -338.84031746868999, -257.69400207516816)
236 (76.322511737736647, -333.6156542511979, -257.29314251346125)
237 (77.096296631114868, -334.52840606962337, -257.43210943850852)
238 (81.815243377132674, -339.72419817333486, -257.90895479620218)
239 (85.050993112260173, -342.84838736553536, -257.79739425327517)
240 (86.761094200562539, -344.28925538561447, -257.52816118505194)
241 (89.538011967716741, -347.10617236307411, -257.56816039535738)
242 (92.188031623967206, -350.1244454717222, -257.93641384775498)
243 (90.739898975748417, -348.55380787215614, -257.81390889640772)
244 (87.193831259296829, -344.54774285004157, -257.35391159074476)
245 (86.867794965403249, -344.35396215922299, -257.48616719381971)
246 (89.347679354926328, -347.02639571661672, -257.67871636169036)
247 (91.747065374802148, -349.39604835107616, -257.648982976274)
248 (93.766521391695477, -351.31739020596808, -257.55086881427258)
249 (95.54645362602345, -353.29647938410471, -257.75002575808128)
250 (95.509207268094016, -353.09115773041458, -257.58195046232055)
251 (94.909640313667936, -352.36929328569028, -257.45965297202235)
252 (95.067073859394696, -352.65189890039755, -257.58482504100289)
253 (94.512555740345888, -352.1989103901771, -257.68635464983123)
254 (91.801353897100753, -349.47858672513564, -257.6772328280349)
255 (87.234798400693919, -344.78128859384049, -257.54649019314655)
256 (82.598327241254765, -340.06824185050931, -257.46991460925454)
257 (79.377805679555223, -336.83036967571991, -257.45256399616471)
258 (78.689798537646638, -336.06268695719706, -257.37288841955041)
259 (81.012759132327417, -338.65224738277823, -257.63948825045082)
260 (83.632017110062975, -341.43203036761815, -257.80001325755518)
261 (84.056693826911882, -341.80337761892218, -257.74668379201029)
262 (82.798217678731362, -340.34335340372638, -257.54513572499502)
263 (82.111398281982687, -339.56895615272742, -257.45755787074472)
264 (82.949995648418309, -340.49040549444697, -257.54040984602864)
265 (84.38046452887572, -341.97035085683439, -257.58988632795865)
266 (85.337332556991697, -342.99369666101359, -257.65636410402192)
267 (85.332592060179337, -342.89388467168919, -257.56129261150988)
268 (85.634769721101009, -343.14098617206582, -257.50621645096481)
269 (86.791565691705586, -344.475800872641, -257.68423518093539)
270 (86.934179864738439, -344.6807980070646, -257.74661814232616)
271 (85.418673685156449, -343.08696099908161, -257.66828731392513)
272 (83.414106820493046, -341.11250845842375, -257.69840163793071)
273 (82.023336917072712, -339.56742517636224, -257.54408825928954)
274 (82.936841274041655, -340.58347133850054, -257.64663006445892)
275 (85.390593483457721, -343.17034641328064, -257.77975292982291)
276 (87.069373953357385, -344.84919782694806, -257.77982387359066)
277 (87.385406491716708, -345.10726158125664, -257.72185508953993)
278 (87.19507409805037, -344.7869577221349, -257.59188362408452)
279 (88.038436134938223, -345.60348395520117, -257.56504782026298)
280 (89.687925389010687, -347.44905854800936, -257.76113315899869)
281 (90.050643377153136, -347.75601161728861, -257.7053682401355)
282 (89.511644756365328, -347.09084637075097, -257.57920161438562)
283 (89.598348738025678, -347.17769794206765, -257.57934920404199)
284 (90.593024137948703, -348.12272223102582, -257.52969809307712)
285 (92.102164111802253, -349.81306929752486, -257.71090518572259)
286 (91.896284317859184, -349.73822343068792, -257.84193911282875)
287 (88.96039452196294, -346.57955034174495, -257.61915581978201)
288 (86.326068121314307, -343.81952707863002, -257.49345895731574)
289 (86.5025807175371, -344.05000673455532, -257.54742601701821)
290 (89.264051744099987, -346.92386022626499, -257.65980848216498)
291 (92.27191827639821, -350.21639876081065, -257.94448048441245)
292 (91.262121967451378, -349.33082233316418, -258.0687003657128)
293 (87.255900930691098, -344.37488371294677, -257.11898278225567)
294 (88.023974932549081, -345.86123882986431, -257.83726389731521)
295 (88.63931998910131, -346.68218976413522, -258.04286977503392)
296 (84.762569677921704, -342.42008254143644, -257.65751286351474)
297 (81.631216990160667, -338.95007520757542, -257.31885821741474)
298 (83.939844924845147, -341.38761340802807, -257.44776848318293)
299 (90.243168158480898, -347.9311762756405, -257.6880081171596)
300 (96.009048693926474, -353.9590905765865, -257.95004188266)
301 (96.982911817163952, -354.94710862968338, -257.96419681251945)
302 (92.981669989735138, -350.72716752402306, -257.74549753428789)
303 (86.858490268829641, -344.7139751045828, -257.85548483575315)
304 (83.0290798830071, -340.0752791781897, -257.04619929518259)
305 (86.672643742718037, -344.5889300290774, -257.91628628635937)
306 (89.952503417273604, -347.96524772311909, -258.0127443058455)
307 (87.913536913513298, -345.87063636389604, -257.95709945038277)
308 (81.325355595644766, -338.99153253721374, -257.66617694156901)
309 (75.080301781130956, -332.32036679528255, -257.24006501415158)
310 (74.682989747207188, -331.90376187608678, -257.22077212887962)
311 (80.429999210736426, -337.92504207327977, -257.49504286254336)
312 (88.004450331379502, -345.80639020211214, -257.80193987073267)
313 (93.077198326632967, -350.790995823944, -257.71379749731102)
314 (96.101683339404289, -353.64415664660254, -257.54247330719824)
315 (98.292127997115031, -356.02521205758813, -257.73308406047312)
316 (98.103772377459848, -355.81836896500232, -257.71459658754247)
317 (95.575213509996729, -353.21329499326777, -257.63808148327104)
318 (92.358743016625411, -349.84178414252642, -257.48304112590102)
319 (90.848996443979559, -348.22791561203002, -257.37891916805046)
320 (92.307496178159397, -349.80487928100666, -257.49738310284727)
321 (95.278688575421228, -352.94146116750636, -257.66277259208516)
322 (97.00159677343143, -354.86268953218274, -257.86109275875128)
323 (95.538529332674997, -353.22659418142626, -257.68806484875125)
324 (93.403583193344744, -350.90930654280351, -257.50572334945878)
325 (92.273520348258643, -350.15964523794884, -257.88612488969022)
326 (89.106292289430201, -346.88238397545763, -257.77609168602743)
327 (85.423125917757304, -342.83207817483549, -257.40895225707817)
328 (85.848737268594135, -343.27478600415333, -257.42604873555922)
329 (90.007119973195174, -347.82727549674411, -257.82015552354892)
330 (92.888693348265619, -350.7657938531317, -257.87710050486606)
331 (92.643583110339534, -350.36189621113249, -257.71831310079295)
332 (91.006235509032706, -348.61597747978828, -257.60974197075558)
333 (90.195446554067715, -347.61817287078338, -257.42272631671568)
334 (92.270215977682327, -349.74349103155674, -257.47327505387443)
335 (96.184949665769707, -353.90376655536522, -257.71881688959553)
336 (98.225515400679541, -356.0830007283372, -257.85748532765763)
337 (96.571904940981597, -354.2525392864431, -257.6806343454615)
338 (93.572716782484079, -351.0453781605965, -257.47266137811243)
339 (92.202795816064324, -349.72379139546013, -257.52099557939579)
340 (91.992441160779407, -349.75728001904662, -257.76483885826724)
341 (90.402670566015658, -348.08831974467006, -257.68564917865439)
342 (87.984595628071659, -345.51512848061202, -257.53053285254038)
343 (85.608097082099391, -343.41704723781965, -257.80895015572025)
344 (81.582910433680894, -339.134648096859, -257.55173766317807)
345 (78.259846178869864, -335.78601936157133, -257.52617318270148)
346 (77.222348369126294, -334.75584373231283, -257.53349536318655)
347 (79.173380080817779, -336.59236559728078, -257.41898551646301)
348 (83.635997491502735, -341.50388827299702, -257.86789078149428)
349 (85.938948909190174, -343.7146765041341, -257.77572759494393)
350 (86.224983062613248, -343.71482426140852, -257.48984119879526)
351 (88.000491540429991, -345.46698246614704, -257.46649092571704)
352 (91.654659133431977, -349.33502323458964, -257.68036410115769)
353 (94.600912063878781, -352.30335442888321, -257.70244236500446)
354 (96.313264372299685, -353.8157018421021, -257.50243746980243)
355 (98.348789613190391, -355.95445262390348, -257.6056630107131)
356 (99.679786656849345, -357.41943913916032, -257.73965248231099)
357 (98.281155207711294, -356.05884510086003, -257.7776898931487)
358 (94.459801517605413, -351.89365191614877, -257.43385039854337)
359 (92.255763133622267, -349.69209032216827, -257.43632718854599)
360 (92.247729441835261, -349.92489276957133, -257.67716332773608)
361 (92.130153087862027, -349.77589549398112, -257.6457424061191)
362 (90.67167143713101, -348.67080925151453, -257.99913781438352)
363 (85.819567790650126, -343.42761221508272, -257.60804442443259)
364 (82.215350364441306, -339.61737375349071, -257.40202338904942)
365 (84.353843343426391, -341.68892867327719, -257.33508532985081)
366 (91.424739779843875, -349.22350260647983, -257.79876282663594)
367 (97.025722332180578, -355.07624640500126, -258.05052407282068)
368 (96.697556299736888, -354.41389584810588, -257.71633954836898)
369 (94.013230467494438, -351.28382283935105, -257.27059237185659)
370 (94.629949881923324, -351.94268507796238, -257.31273519603906)
371 (97.732268496779625, -355.6166275639788, -257.88435906719917)
372 (97.264678833172198, -355.0965773962468, -257.83189856307462)
373 (93.632149170764251, -350.99539065520639, -257.36324148444214)
374 (91.367110285789011, -348.96023486386838, -257.59312457807937)
375 (88.930760923588565, -346.61038528739681, -257.67962436380822)
376 (84.667999200343502, -342.17893521534796, -257.51093601500446)
377 (80.30006229626737, -337.72370194888396, -257.4236396526166)
378 (77.677945742824377, -335.00359528733208, -257.32564954450771)
379 (77.940549068452611, -335.3784533762074, -257.43790430775482)
380 (79.649709821629031, -337.28758943371366, -257.63787961208465)
381 (80.657219227557434, -338.23466895514434, -257.5774497275869)
382 (80.907754470812463, -338.58092702631461, -257.67317255550216)
383 (79.229022849582194, -337.12781009047006, -257.89878724088788)
384 (73.977760727969994, -331.65387787534848, -257.67611714737848)
385 (68.966739898368004, -326.13033241092739, -257.16359251255938)
386 (70.6433354946235, -327.83718087714487, -257.19384538252137)
387 (78.825589698102561, -336.44350301532342, -257.61791331722088)
388 (87.641340223651454, -345.45471539252304, -257.81337516887157)
389 (93.427854322730695, -351.15587268663774, -257.72801836390704)
390 (95.881663371268473, -353.71036575036095, -257.82870237909248)
391 (94.639782123871427, -352.3659417450715, -257.72615962120005)
392 (91.734792216139823, -349.30991054957076, -257.57511833343096)
393 (89.862815772139115, -347.50158801479165, -257.63877224265252)
394 (88.098320966841356, -345.9587537818245, -257.86043281498314)
395 (84.355629186262803, -342.05214188455494, -257.69651269829217)
396 (80.288249147719, -337.77344636514977, -257.48519721743077)
397 (79.303489481703409, -336.67097915804703, -257.36748967634361)
398 (82.790847992149452, -340.33597445867827, -257.54512646652881)
399 (88.502483544009266, -346.17297371918721, -257.67049017517797)
400 (93.560636127915373, -351.34227080310586, -257.7816346751905)
401 (96.148884763866576, -353.82304132159015, -257.67415655772356)
402 (96.793861342089599, -354.40976115901123, -257.61589981692163)
403 (96.047574080326669, -353.77974267925907, -257.73216859893239)
404 (93.037765137052688, -350.78233553692638, -257.74457039987368)
405 (88.317928239606942, -345.87310685485107, -257.55517861524413)
406 (84.86682643574261, -342.28105901401949, -257.41423257827688)
407 (84.581871291121018, -342.17258874873676, -257.59071745761571)
408 (85.182143521102134, -342.98540431529375, -257.8032607941916)
409 (83.539613829828809, -341.31183963307001, -257.77222580324121)
410 (79.8543943471266, -337.46306512184407, -257.60867077471744)
411 (76.429403178901495, -333.94229891732721, -257.5128957384257)
412 (75.737215695839566, -333.01914022352486, -257.28192452768531)
413 (80.08420975202921, -337.50184711308538, -257.41763736105617)
414 (87.366680951455578, -345.10283459256868, -257.73615364111311)
415 (92.858116585057374, -350.66560227580436, -257.807485690747)
416 (94.846575199645599, -352.51744832945269, -257.67087312980709)
417 (95.128654112345615, -352.56445557212811, -257.43580145978251)
418 (96.768882733346629, -354.19012492468295, -257.42124219133632)
419 (99.528008403971583, -357.22587196614029, -257.69786356216872)
420 (99.953876301094283, -357.69451735314175, -257.74064105204747)
421 (96.632387129820913, -354.41719395360877, -257.78480682378785)
422 (89.035205666701216, -347.02868086265516, -257.99347519595392)
423 (80.427511758960193, -337.25432567356791, -256.82681391460773)
424 (80.108916474889881, -338.0175075735425, -257.90859109865261)
425 (82.092043570829887, -339.73225490559309, -257.64021133476319)
426 (84.069053791569374, -341.73199324850464, -257.66293945693525)
427 (85.839352860789361, -343.58637444247535, -257.747021581686)
428 (86.349895387960871, -343.99551528301191, -257.64561989505103)
429 (86.817101392798506, -344.33272619740677, -257.51562480460825)
430 (89.117184511576369, -346.58891632105019, -257.47173180947379)
431 (92.897862344401787, -350.69337572909978, -257.79551338469798)
432 (93.768306062183697, -351.88523802697085, -258.11693196478717)
433 (88.957431895958223, -346.56313857667908, -257.60570668072086)
434 (86.073312527058505, -343.35844770026108, -257.28513517320255)
435 (88.31510469302647, -346.2914291303739, -257.97632443734744)
436 (88.972827604579891, -346.6847646901922, -257.71193708561231)
437 (90.472894116174047, -347.85699644590761, -257.38410232973354)
438 (94.456443926030587, -352.48602105283993, -258.02957712680933)
439 (94.713820759608083, -352.56523607082778, -257.85141531121968)
440 (92.070478579243229, -349.43363501943401, -257.36315644019078)
441 (92.569225137588347, -349.9362429039117, -257.36701776632333)
442 (95.998080490990773, -353.81099629683342, -257.81291580584264)
443 (96.629221973603791, -354.55543700878388, -257.92621503518012)
444 (92.372932724999075, -350.09051226453585, -257.71757953953676)
445 (86.787146677941308, -344.10115631208845, -257.31400963414717)
446 (85.611988041467114, -342.7920934000195, -257.1801053585524)
447 (90.766539152078835, -348.24718768147693, -257.48064852939808)
448 (97.544644861535005, -355.47091780284967, -257.92627294131466)
449 (99.573341967113308, -357.45454108797441, -257.88119912086108)
450 (96.13545642618557, -353.80790157059141, -257.67244514440586)
451 (90.086579997203955, -347.57230433795712, -257.48572434075317)
452 (85.15388743146039, -342.38698651925296, -257.23309908779254)
453 (84.680283247115483, -342.01710498806847, -257.33682174095298)
454 (87.532474208728658, -345.19966642425032, -257.66719221552165)
455 (90.163093650835748, -347.74002397409606, -257.57693032326029)
456 (92.317784706742657, -349.95296208555652, -257.63517737881386)
457 (92.9412585292757, -350.77803583708248, -257.83677730780676)
458 (90.600725355853442, -348.19108796799276, -257.5903626121393)
459 (87.945157005283676, -345.48146619164015, -257.53630918635645)
460 (86.300128439716119, -343.97947532141643, -257.67934688170033)
461 (85.099687296806124, -342.69405166312754, -257.59436436632143)
462 (85.885613144394114, -343.30247133162942, -257.41685818723533)
463 (89.758304375114591, -347.50151120379502, -257.7432068286804)
464 (92.886699273451299, -350.72581078664848, -257.83911151319717)
465 (92.483111251558512, -350.25408658722432, -257.77097533566581)
466 (88.754213101629816, -346.46780336459545, -257.71359026296562)
467 (83.825909161952779, -341.15189050854156, -257.32598134658878)
468 (82.437089436444737, -339.68570131350242, -257.24861187705767)
469 (85.721083347950866, -343.26001024796352, -257.53892690001265)
470 (89.918471476210186, -347.61476806789074, -257.69629659168055)
471 (92.515448835679976, -350.04805414243424, -257.53260530675425)
472 (94.49618955356182, -352.03429098871959, -257.53810143515778)
473 (95.582864387267634, -353.33401883505479, -257.75115444778714)
474 (93.790129359605714, -351.4967345799439, -257.70660522033819)
475 (89.93692455103691, -347.41240125101683, -257.47547669997994)
476 (87.709239084182769, -345.06633000666505, -257.35709092248226)
477 (87.843564404989181, -345.68322519679469, -257.8396607918055)
478 (85.127562205930005, -343.0938732032343, -257.96631099730428)
479 (78.228961089844873, -335.70345084973161, -257.47448975988675)
480 (74.047870509441765, -331.2241655755123, -257.17629506607057)
481 (76.155458537909809, -333.78114018326073, -257.62568164535094)
482 (80.535157897382007, -338.08023245774626, -257.54507456036424)
483 (86.330600741154413, -343.93035114617606, -257.59975040502167)
484 (92.232167014042005, -349.98769257500476, -257.75552556096272)
485 (95.469907399699736, -353.1949605033779, -257.72505310367819)
486 (95.32140280460365, -353.05836021720995, -257.73695741260633)
487 (91.834805595635672, -349.54712222816426, -257.7123166325286)
488 (86.92190495084543, -344.29507688065718, -257.37317192981175)
489 (85.100420455299144, -342.41015472333464, -257.30973426803553)
490 (87.537931366122933, -345.09178558272407, -257.55385421660117)
491 (90.474098846579622, -348.33365865437275, -257.85955980779312)
492 (89.855729481333526, -347.62402698420368, -257.76829750287015)
493 (87.339972589413762, -344.624813508187, -257.28484091877323)
494 (87.75444304387176, -345.23529796671863, -257.4808549228469)
495 (89.752385056385052, -347.44109795370139, -257.68871289731635)
496 (89.828956808885124, -347.6206729473559, -257.79171613847075)
497 (86.724473463052959, -344.46255277950331, -257.73807931645035)
498 (81.775187480851955, -339.33252990878151, -257.55734242792954)
499 (78.691231735171471, -335.97594541811424, -257.28471368294277)
500 (80.044489068228714, -337.74716322349309, -257.70267415526439)
501 (81.467003352333947, -339.40697524505828, -257.93997189272432)
502 (79.55962873886304, -337.20238456152271, -257.64275582265964)
503 (77.492135400097467, -334.92463944132146, -257.43250404122398)
504 (78.020854716592169, -335.5897013755843, -257.56884665899213)
505 (79.957775533257546, -337.63659546879677, -257.6788199355392)
506 (80.691497141516393, -338.55144518199415, -257.85994804047778)
507 (77.916075132810803, -335.66023586820558, -257.74416073539476)
508 (73.033689588362435, -330.48818826085335, -257.4544986724909)
509 (70.563505714421609, -327.77643339935315, -257.21292768493151)
510 (73.828287010346756, -331.17711618351444, -257.3488291731677)
511 (80.709176452454244, -338.45148886008775, -257.74231240763351)
512 (85.359311934303236, -343.31110458689847, -257.95179265259526)
513 (84.109204747037609, -341.95148316990901, -257.8422784228714)
514 (78.14956121469109, -335.68496473346096, -257.53540351876984)
515 (72.35454583213037, -329.49957099822296, -257.14502516609258)
516 (71.734804809937685, -328.98218552647637, -257.24738071653871)
517 (75.046588127484412, -332.78142226708729, -257.73483413960287)
518 (76.973979340197772, -334.64862168712403, -257.67464234692625)
519 (78.876619906305351, -336.1200400863836, -257.24342018007826)
520 (83.619834434732269, -341.48680135434404, -257.86696691961174)
521 (85.767455525559996, -343.62927735671536, -257.86182183115534)
522 (85.168195020640226, -342.59949914534531, -257.43130412470509)
523 (86.759888023539432, -344.3086431798551, -257.54875515631568)
524 (89.563537590270741, -347.46607771952961, -257.90254012925885)
525 (88.950405792629027, -346.86893970122452, -257.91853390859546)
526 (85.10217082163669, -342.60265143601697, -257.50048061438031)
527 (83.036384512777957, -340.65704616957942, -257.62066165680147)
528 (82.864731800405679, -340.61197065114823, -257.74723885074252)
529 (82.904972447720098, -340.55110489946867, -257.6461324517486)
530 (83.857521950337869, -341.64798189558837, -257.79045994525052)
531 (84.980164787520479, -342.75496150063645, -257.77479671311596)
532 (85.116708887057939, -343.15618969634431, -258.03948080928637)
533 (82.506592266439469, -340.18896357152613, -257.68237130508669)
534 (81.100610164813958, -338.66685979319976, -257.56624962838578)
535 (81.612734656720264, -339.55442932088738, -257.94169466416713)
536 (80.034126547996863, -337.6556590024324, -257.62153245443551)
537 (78.435735895105765, -335.94367078297745, -257.50793488787167)
538 (78.517784899659333, -336.06228745682256, -257.54450255716324)
539 (79.85079254655146, -337.45690580495312, -257.60611325840165)
540 (81.657788231845288, -339.28618576385543, -257.62839753201013)
541 (83.653838958841234, -341.26709139352698, -257.61325243468576)
542 (86.279125370488671, -343.81325588586418, -257.53413051537552)
543 (90.54944869533999, -348.1535705141348, -257.60412181879479)
544 (94.621421806751258, -352.65207894642094, -258.0306571396697)
545 (93.738488035095898, -351.67528407839728, -257.9367960433014)
546 (88.942250214489007, -346.43973277618556, -257.49748256169653)
547 (84.93826613894791, -342.54168561034817, -257.60341947140023)
548 (81.786623149307019, -339.45565284920491, -257.66902969989792)
549 (78.451401620427703, -336.07223283246128, -257.62083121203358)
550 (75.808375084292493, -333.27447324760965, -257.46609816331716)
551 (76.167673237713316, -333.47539655044329, -257.30772331272999)
552 (81.092264715975219, -338.56548038421028, -257.47321566823507)
553 (87.897648021558226, -345.80080355909536, -257.90315553753715)
554 (91.248935568052815, -349.21372476706449, -257.96478919901165)
555 (89.193622176984363, -347.08645983550213, -257.89283765851775)
556 (82.89176465666111, -340.59202748606538, -257.70026282940427)
557 (75.733097713342531, -333.13650869380808, -257.40341098046554)
558 (72.401966298922602, -329.70045303866908, -257.29848673974647)
559 (74.637538826838636, -332.28851088273882, -257.65097205590018)
560 (78.935228933858554, -336.75080564124448, -257.81557670738596)
561 (82.975166610252771, -340.71616472234132, -257.74099811208856)
562 (86.346134019400395, -344.25601011214013, -257.90987609273975)
563 (87.140333124826441, -344.91961817346134, -257.7792850486349)
564 (87.142683417278931, -344.52591059653474, -257.38322717925581)
565 (90.429933503818887, -347.93270590326722, -257.5027723994483)
566 (95.55913996019531, -353.41859698381643, -257.85945702362113)
567 (97.890645129264001, -355.78967258142853, -257.89902745216455)
568 (95.768308364948254, -353.66974131660356, -257.90143295165529)
569 (89.870826210846531, -347.5709523361503, -257.70012612530377)
570 (84.576313420338352, -341.75832168236718, -257.18200826202883)
571 (86.065338110158748, -343.46579726613567, -257.40045915597693)
572 (92.377517576270691, -350.21096486213304, -257.83344728586235)
573 (97.127743903339933, -355.08872723678672, -257.96098333344679)
574 (97.641826237207539, -355.45846371039323, -257.81663747318566)
575 (95.643620725629617, -353.19954681421012, -257.55592608858052)
576 (94.06768408159374, -351.69314077766785, -257.62545669607414)
577 (93.442827035933547, -350.99862718095983, -257.5558001450263)
578 (93.414552348546749, -351.36493472593901, -257.95038237739226)
579 (90.828713406299414, -348.71742073094555, -257.88870732464613)
580 (86.002236343175483, -343.72835144994451, -257.72611510676904)
581 (81.978096879799821, -339.5598462557254, -257.5817493759256)
582 (81.05182149673206, -338.60054039012113, -257.54871889338904)
583 (83.491336989548515, -341.25266720422002, -257.76133021467149)
584 (86.2398077152627, -344.15178594627338, -257.91197823101066)
585 (87.08397387744904, -344.80773368550405, -257.72375980805498)
586 (87.291466197084105, -344.88541093772704, -257.59394474064294)
587 (88.187649590680053, -345.79805300209853, -257.61040341141847)
588 (89.422531443473332, -347.05084914302762, -257.62831769955426)
589 (90.95849897827722, -348.44583625083027, -257.48733727255308)
590 (94.011161613974252, -351.51300180272358, -257.50184018874933)
591 (97.595896780949289, -355.42088848740332, -257.82499170645406)
592 (97.598531988553304, -355.54062075128985, -257.94208876273655)
593 (92.69925599875188, -350.30035487777781, -257.60109887902593)
594 (87.230317280178895, -344.59626380425362, -257.36594652407473)
595 (84.666979708521964, -342.19559792455289, -257.52861821603091)
596 (84.235280351932559, -341.78473302321504, -257.54945267128249)
597 (84.857192660496722, -342.5506503158968, -257.6934576554001)
598 (84.473637245791338, -342.30032890543782, -257.82669165964649)
599 (82.338948883100343, -339.83169152174708, -257.49274263864675)
600 (82.111546022513053, -339.66852076025623, -257.55697473774319)
601 (82.993424329486189, -341.04242753529775, -258.04900320581157)
602 (80.885204801660166, -338.49620352254396, -257.6109987208838)
603 (79.799523037747761, -337.16265719541326, -257.36313415766551)
604 (82.206797443823547, -339.89050826581592, -257.68371082199235)
605 (84.546528308683307, -342.17704457047455, -257.63051626179123)
606 (86.308118326510254, -343.75002320361415, -257.44190487710387)
607 (89.13156441166268, -346.61929149329137, -257.48772708162869)
608 (92.245246530393885, -349.92458522361136, -257.67933869321746)
609 (93.352465027622088, -351.01344826569357, -257.66098323807148)
610 (92.112734437404043, -349.76404158132112, -257.65130714391705)
611 (88.698252077911405, -346.39777901218611, -257.69952693427467)
612 (83.477775404689112, -341.00821995178563, -257.53044454709652)
613 (78.683953875132374, -336.20394143604369, -257.51998756091132)
614 (75.329614940307479, -332.88772014875605, -257.55810520844858)
615 (75.005253329119412, -332.19715872170178, -257.19190539258238)
616 (80.857893840140292, -338.42784665590574, -257.56995281576542)
617 (88.094315141559932, -346.15448390449563, -258.06016876293569)
618 (89.423158886167798, -347.41980590806361, -257.9966470218958)
619 (84.472236452195602, -342.17410180692946, -257.70186535473385)
620 (78.264453197216852, -335.49020164713318, -257.2257484499163)
621 (77.15362717825596, -334.46952109016866, -257.31589391191267)
622 (80.197450529546487, -337.98172355578095, -257.78427302623447)
623 (81.652977944257046, -339.39561147429731, -257.74263353004028)
624 (80.469930620295244, -338.14081414933565, -257.6708835290404)
625 (77.99028302104584, -335.54335096875377, -257.55306794770792)
626 (77.056878223073539, -334.35389340973143, -257.29701518665786)
627 (79.617411142907926, -337.31964169788699, -257.70223055497905)
628 (81.500898095135994, -339.33086249086443, -257.82996439572844)
629 (81.05645893549196, -338.50475136976917, -257.44829243427722)
630 (82.225735758572498, -339.80405557175385, -257.57831981318134)
631 (84.101734477345445, -341.98464945542747, -257.882914978082)
632 (84.084776862469383, -341.57139408489388, -257.48661722242451)
633 (85.645374437771807, -343.16071030130479, -257.51533586353298)
634 (88.241738251012137, -346.09191622168515, -257.85017797067303)
635 (87.837517565816526, -345.603953874664, -257.76643630884746)
636 (85.395352114309915, -342.82539634879572, -257.43004423448582)
637 (85.870656362154236, -343.05301123453722, -257.18235487238297)
638 (91.864541442882981, -349.42047277759252, -257.55593133470956)
639 (98.395434433084276, -356.40510209778245, -258.00966766469816)
640 (99.028046407482663, -357.10038771831478, -258.07234131083214)
641 (94.903707951240463, -352.17110394820651, -257.26739599696606)
642 (94.342315407790025, -351.81868413663591, -257.4763687288459)
643 (97.046701806138927, -354.81703194933601, -257.7703301431971)
644 (98.037614464596047, -355.87267794533778, -257.83506348074172)
645 (95.696148694220781, -353.45391374950907, -257.7577650552883)
646 (90.975862104357645, -348.64709107860403, -257.67122897424639)
647 (85.718007120659365, -343.2414203486822, -257.52341322802283)
648 (82.778660600529832, -340.11267558508882, -257.33401498455896)
649 (84.347994437089667, -341.81555838425629, -257.46756394716664)
650 (88.28682933148238, -346.04760442388374, -257.76077509240133)
651 (90.578288936967439, -348.32917430175854, -257.75088536479109)
652 (90.959449463378206, -348.49545324312282, -257.53600377974465)
653 (91.447455839289503, -349.06021250437692, -257.61275666508743)
654 (91.449012476126484, -349.1316565680803, -257.68264409195382)
655 (89.899264969167078, -347.48614432486272, -257.58687935569566)
656 (88.307215858946662, -345.65571610547937, -257.34850024653269)
657 (89.245914788336876, -346.70868301678104, -257.46276822844413)
658 (91.587228088015124, -349.24805508059939, -257.66082699258425)
659 (92.499983645411149, -350.16091024046136, -257.66092659505023)
660 (91.423353742106272, -349.02480630262926, -257.601452560523)
661 (89.085575803363895, -346.64419510635793, -257.55861930299403)
662 (86.663764007730975, -344.07969251374305, -257.41592850601205)
663 (86.262888907287632, -343.62314695221346, -257.36025804492584)
664 (88.768533839858975, -346.33534098623301, -257.566807146374)
665 (92.28101127841586, -349.92734973011102, -257.64633845169516)
666 (96.999064987026046, -354.58333353254119, -257.58426854551516)
667 (101.08670734167812, -359.17957824710805, -258.09287090542995)
668 (98.734301452456691, -356.51562176581092, -257.78132031335423)
669 (92.254243293022469, -349.72626577396306, -257.47202248094061)
670 (86.704290371204962, -343.96465742524907, -257.26036705404408)
671 (85.902980873314576, -343.11692952120961, -257.21394864789505)
672 (90.143942213610643, -347.70434772108774, -257.56040550747707)
673 (95.100253267268343, -352.89350609167394, -257.79325282440561)
674 (96.749381078555302, -354.61236972133628, -257.86298864278098)
675 (94.019487087982924, -351.74525127877968, -257.72576419079678)
676 (89.053921871591669, -346.52549401790992, -257.47157214631824)
677 (85.529799660130408, -342.91369111565024, -257.3838914555198)
678 (84.911724179136712, -342.46805037401879, -257.5563261948821)
679 (85.557247059520392, -343.2007720012395, -257.64352494171908)
680 (86.468681641080806, -343.94429758184964, -257.47561594076882)
681 (89.089022790112509, -346.56611612990804, -257.47709333979554)
682 (92.749704895493721, -350.55125666474589, -257.80155176925217)
683 (93.357765015793063, -351.28710311480188, -257.92933809900882)
684 (89.642261647863791, -347.22394640892219, -257.5816847610584)
685 (86.812825686381629, -344.10137790037157, -257.28855221398993)
686 (87.591857681842072, -345.45271665503287, -257.86085897319083)
687 (87.319519867152664, -345.0041202860557, -257.68460041890302)
688 (86.751511795251162, -344.23147627900255, -257.47996448375136)
689 (87.693144689293376, -345.43520390313233, -257.74205921383896)
690 (87.393877944443361, -345.1728150153034, -257.77893707086002)
691 (84.739962235696837, -342.4299747527823, -257.69001251708545)
692 (82.416091650409754, -339.63418474266581, -257.21809309225603)
693 (85.41790968040479, -343.01141914319567, -257.59350946279085)
694 (89.530912131174574, -347.57068780549747, -258.03977567432287)
695 (88.419476183295686, -346.19532549847128, -257.77584931517561)
696 (85.028785447102877, -342.47955498939132, -257.45076954228841)
697 (83.943320893396233, -341.64515265497948, -257.70183176158326)
698 (84.001527893766536, -341.63785619970474, -257.63632830593821)
699 (84.99438097943559, -342.68908646127653, -257.69470548184097)
700 (85.690466635816563, -343.57758047303059, -257.88711383721403)
701 (84.140668008468495, -341.64699605027204, -257.50632804180356)
702 (83.553490728093379, -341.01120467936329, -257.45771395126991)
703 (84.933381201070546, -342.47843021636692, -257.5450490152964)
704 (87.017031261931876, -344.58829469124191, -257.57126342931002)
705 (88.831129714076383, -346.3988945372198, -257.56776482314342)
706 (89.677298812758494, -347.31157528258029, -257.63427646982177)
707 (88.45492952162121, -346.13661187611314, -257.68168235449195)
708 (85.323369058149439, -342.79526160098897, -257.47189254283956)
709 (82.727598690755229, -340.24769357875834, -257.52009488800309)
710 (81.384700558595512, -338.85330535631459, -257.46860479771908)
711 (81.763989943859841, -339.2129949598658, -257.44900501600597)
712 (83.761717643335757, -341.36158277455382, -257.59986513121805)
713 (85.753337993791121, -343.33261805622266, -257.57928006243151)
714 (87.415700140029699, -344.99791690827385, -257.58221676824417)
715 (88.82610853027991, -346.39939035417734, -257.57328182389745)
716 (89.973624346743875, -347.6092190700623, -257.63559472331843)
717 (89.786040727329777, -347.61658389870627, -257.83054317137646)
718 (85.932028418084968, -343.90724407922477, -257.97521566113983)
719 (77.897759834957043, -335.61702595662103, -257.71926612166396)
720 (71.440405500322967, -328.40626661383834, -256.96586111351536)
721 (75.348646479275502, -332.74894323097942, -257.40029675170393)
722 (83.943100078540283, -342.25738409897758, -258.3142840204373)
723 (85.439321807049396, -343.37397125537228, -257.93464944832289)
724 (82.486722209997126, -339.82822812578269, -257.34150591578555)
725 (82.11840080919869, -339.5665437774669, -257.4481429682682)
726 (84.538586712369366, -342.0604726326157, -257.52188592024635)
727 (88.041373009197628, -345.5807624277993, -257.53938941860167)
728 (91.168139214444452, -348.90075145919707, -257.7326122447526)
729 (91.209476075896106, -349.06208421704525, -257.85260814114918)
730 (87.091174117446172, -344.74460363992063, -257.65342952247443)
731 (82.846960856067227, -339.97348720537218, -257.12652634930498)
732 (84.266477239610708, -341.66197739472898, -257.39550015511827)
733 (88.80459566300425, -346.55669807015772, -257.75210240715347)
734 (91.140968377660144, -348.84014446358759, -257.69917608592743)
735 (90.658798510768236, -348.26046162054422, -257.60166310977598)
736 (88.837944417279672, -346.38544420917287, -257.54749979189319)
737 (86.980061862762639, -344.51272380639892, -257.5326619436363)
738 (86.545122837942415, -343.89159938126693, -257.34647654332451)
739 (89.779526528323444, -347.17859639708632, -257.39906986876287)
740 (95.261939794342965, -353.08301677735, -257.82107698300706)
741 (97.378569810951845, -355.41715754066263, -258.0385877297108)
742 (92.798328468041404, -350.77321128057775, -257.97488281253635)
743 (84.731748604664375, -341.94394988137691, -257.21220127671256)
744 (83.181024613516968, -340.27701309901687, -257.0959884854999)
745 (89.295847042959849, -347.17626832982643, -257.88042128686658)
746 (93.569424311930732, -351.50039250022974, -257.930968188299)
747 (92.294404359780231, -350.19781966927349, -257.90341530949325)
748 (85.8582687582565, -343.71010032822073, -257.85183156996425)
749 (79.213300556651603, -336.06433328255036, -256.85103272589879)
750 (82.627072358073647, -340.17486616778348, -257.54779380970984)
751 (90.494714267832492, -348.48628917087325, -257.99157490304077)
752 (94.174373923630753, -351.95455510371619, -257.78018118008544)
753 (94.06824803375703, -351.78311114333394, -257.71486310957692)
754 (91.38526137543569, -349.03019063431066, -257.64492925887498)
755 (87.367496032777424, -344.93952950059548, -257.57203346781807)
756 (83.512984192984177, -340.98426088957689, -257.47127669659272)
757 (81.494980748575628, -338.87529582550582, -257.38031507693017)
758 (83.1093651728944, -340.36637298705682, -257.25700781416242)
759 (88.968554124204928, -346.55376079360354, -257.58520666939864)
760 (94.775736557948989, -352.66691189555104, -257.89117533760202)
761 (96.045182342566207, -353.83132189550628, -257.78613955294009)
762 (93.438336128487961, -351.0160240517742, -257.57768792328625)
763 (89.88053488527656, -347.33985003723313, -257.45931515195656)
764 (87.502170012602662, -344.90296707607047, -257.40079706346779)
765 (86.908181460079504, -344.4187640367515, -257.51058257667199)
766 (86.718778838936998, -344.33816967519698, -257.61939083625998)
767 (86.077064169274195, -343.53214261233154, -257.45507844305735)
768 (86.876253243969927, -344.28120143427896, -257.40494819030903)
769 (89.449467110828763, -347.16403898737809, -257.71457187654931)
770 (90.732053355956083, -348.41977606743637, -257.68772271148032)
771 (90.8362013857069, -348.30158970419961, -257.46538831849273)
772 (91.320500021827641, -348.95541124580279, -257.63491122397517)
773 (90.644852429250264, -348.21766938126473, -257.57281695201448)
774 (89.04227443172816, -346.45448983590427, -257.4122154041761)
775 (88.002595190861442, -345.52029069700501, -257.51769550614358)
776 (86.615718552845877, -344.23725461690157, -257.6215360640557)
777 (84.572678130325215, -341.92196091425166, -257.34928278392647)
778 (84.933443325535478, -342.24952329710641, -257.31607997157096)
779 (87.455238335632828, -345.21390048528019, -257.75866214964736)
780 (88.010811982460908, -345.54909544999953, -257.53828346753863)
781 (88.17501272350529, -345.58761509276133, -257.41260236925604)
782 (89.631504215825558, -347.20046370664318, -257.56895949081763)
783 (90.321409006551789, -347.98805228655908, -257.66664328000729)
784 (88.887196739420148, -346.49501869570759, -257.60782195628747)
785 (86.406693147091843, -343.84311922035783, -257.43642607326598)
786 (85.606330375531726, -342.92311899762205, -257.31678862209031)
787 (88.467817209343025, -345.80028327814591, -257.33246606880289)
788 (94.259049045158122, -351.83501768866932, -257.5759686435112)
789 (99.514491358053746, -357.23108888782633, -257.71659752977257)
790 (101.7401561027653, -359.40940011509531, -257.66924401233001)
791 (101.0896178118074, -358.69759042609758, -257.60797261429019)
792 (98.338717903246902, -356.00584972106589, -257.66713181781898)
793 (93.197192805955041, -350.9182327017943, -257.72103989583923)
794 (85.754677182372262, -343.37179305254602, -257.61711587017373)
795 (79.379925108334973, -336.54262125917808, -257.16269615084309)
796 (79.655239769417861, -337.0014266974124, -257.34618692799455)
797 (84.644016699455193, -342.51265241316992, -257.86863571371475)
798 (87.268064486509275, -345.1960689502622, -257.92800446375293)
799 (85.660604814640251, -343.3539092583016, -257.69330444366136)
800 (82.691700412730825, -340.30653375648848, -257.61483334375765)
801 (80.255817036854509, -337.80732252678644, -257.55150548993191)
802 (78.97123343469579, -336.53553012221653, -257.56429668752071)
803 (78.820545240793834, -336.38675645770104, -257.56621121690722)
804 (80.148799124596096, -337.51242171217405, -257.36362258757794)
805 (84.901626255976623, -342.30506309227798, -257.40343683630135)
806 (91.851416784649501, -349.68638395643023, -257.8349671717807)
807 (95.703381757881417, -353.7403637563711, -258.03698199848969)
808 (93.43078573614217, -351.32249522717711, -257.89170949103493)
809 (88.703193019114792, -346.01406453328752, -257.31087151417273)
810 (87.234664889365831, -344.75528066313609, -257.52061577377026)
811 (87.748609085110004, -345.27297507813364, -257.52436599302365)
812 (88.484321752256463, -346.07563016615666, -257.59130841390021)
813 (88.2328716166855, -345.84963240941465, -257.61676079272917)
814 (86.862048117615515, -344.36858718923611, -257.50653907162058)
815 (85.739406123926827, -343.23867350942623, -257.49926738549942)
816 (86.176676931637516, -343.50562306966015, -257.32894613802262)
817 (89.857124611252146, -347.28958140538896, -257.43245679413678)
818 (95.06725283594227, -352.81386062267291, -257.74660778673064)
819 (97.399777025615549, -355.26161590162104, -257.86183887600549)
820 (94.809349910376639, -352.61601715902873, -257.8066672486521)
821 (88.807715853115113, -346.29793048764043, -257.49021463452533)
822 (84.496376680423154, -341.71403375906425, -257.21765707864108)
823 (84.669315252101455, -342.38782467246648, -257.71850942036502)
824 (85.202756471804022, -342.83896025037598, -257.63620377857194)
825 (86.501365165351089, -343.82268615432417, -257.32132098897307)
826 (90.180204718757437, -347.982561857858, -257.80235713910054)
827 (91.288464986120772, -349.0464408484554, -257.75797586233466)
828 (89.038552771167971, -346.48525237206826, -257.44669960090027)
829 (87.176089374643283, -344.47056150073496, -257.2944721260917)
830 (88.122838560252347, -345.49546782197046, -257.37262926171809)
831 (91.014648562725014, -348.60186893685625, -257.58722037413122)
832 (93.417000650080695, -351.09078942268718, -257.67378877260649)
833 (93.514453470703856, -351.286527104492, -257.77207363378812)
834 (91.00477342174203, -348.47967881168984, -257.47490538994782)
835 (89.522383201784407, -346.79583585951889, -257.27345265773448)
836 (91.112781131314762, -348.76426079932151, -257.65147966800674)
837 (91.653166126383852, -349.52921937261908, -257.87605324623524)
838 (88.749215723874471, -346.27644599480379, -257.52723027092929)
839 (86.401768776116626, -343.8293495949269, -257.42758081881027)
840 (86.54627813177963, -344.23850220102855, -257.69222406924894)
841 (87.970712266831185, -345.41094666362704, -257.44023439679586)
842 (91.867493958856144, -349.47675987850988, -257.60926591965375)
843 (95.778579781823439, -353.63631131714203, -257.85773153531858)
844 (95.940360251775004, -353.72795539381411, -257.78759514203909)
845 (92.820636652724161, -350.4143542970786, -257.59371764435446)
846 (88.754897506679086, -346.3480344354914, -257.59313692881233)
847 (84.632326927853015, -342.17430566570914, -257.54197873785614)
848 (80.79504989276704, -338.37185354956586, -257.5768036567988)
849 (78.302747463982001, -335.54272228313636, -257.23997481915433)
850 (80.512528285968827, -337.82575858075347, -257.31323029478466)
851 (86.080223633684653, -343.80146948328201, -257.72124584959738)
852 (89.31335123643764, -347.10880150210556, -257.79545026566791)
853 (87.881672921314049, -345.60263651832673, -257.72096359701266)
854 (83.173867549975299, -340.67900242465191, -257.50513487467663)
855 (78.293763184332249, -335.79411381773662, -257.50035063340437)
856 (74.671718765873536, -332.17679434280802, -257.50507557693447)
857 (73.892126699030968, -331.15498315097233, -257.26285645194139)
858 (78.654900127725412, -336.06065980699856, -257.40575967927316)
859 (86.981119850296807, -344.63104893094737, -257.64992908065057)
860 (94.515975984856581, -352.22900993768593, -257.71303395282933)
861 (98.770336406974849, -356.47961275801333, -257.70927635103851)
862 (99.205578391607915, -356.80742422399101, -257.60184583238311)
863 (97.40574263970089, -354.80722948345795, -257.40148684375708)
864 (95.830375046640711, -353.26208367692203, -257.43170863028132)
865 (94.313321904115114, -351.95754816738395, -257.64422626326882)
866 (91.251952662085742, -348.76926632982077, -257.51731366773504)
867 (88.655678067439624, -345.95566538177343, -257.2999873143338)
868 (88.882165608672338, -346.46859465748383, -257.58642904881151)
869 (88.979022705599434, -346.90311684501364, -257.92409413941419)
870 (84.966011115128666, -342.87805655639102, -257.91204544126236)
871 (78.488671971663962, -335.79639570611141, -257.30772373444745)
872 (76.625435725224122, -333.90578213935822, -257.2803464141341)
873 (79.570179845948928, -337.38115889679642, -257.81097905084749)
874 (80.787325178808146, -338.59410727355737, -257.80678209474922)
875 (79.012650745040247, -336.53530820570973, -257.52265746066951)
876 (77.81438951562518, -335.13794990162341, -257.32356038599823)
877 (79.58791524547371, -337.10423960798107, -257.51632436250736)
878 (82.222568991268872, -339.91495750446143, -257.69238851319255)
879 (83.171721293001141, -340.80255629141794, -257.63083499841679)
880 (83.061604564335468, -340.51955251991222, -257.45794795557674)
881 (83.530454327950224, -341.13402662825558, -257.60357230030536)
882 (83.575758153312762, -341.13712458488044, -257.56136643156765)
883 (83.573772938004339, -340.92031815908871, -257.3465452210844)
884 (84.86767665540404, -342.57548372437441, -257.7078070689704)
885 (84.111828130870364, -341.97098663446059, -257.85915850359021)
886 (80.74367281357641, -338.11258734648425, -257.36891453290787)
887 (79.534499835891992, -337.03942755877245, -257.50492772288044)
888 (81.486499269109657, -338.87107580265103, -257.38457653354135)
889 (85.94088537585327, -343.74368953439489, -257.80280415854162)
890 (88.545126207402177, -346.36150764397325, -257.81638143657108)
891 (88.114625538134007, -345.57268088092519, -257.45805534279117)
892 (88.615994268757689, -346.00642721752689, -257.39043294876922)
893 (90.937154587745482, -348.56412061259999, -257.62696602485448)
894 (92.435076357703053, -350.05569027261066, -257.62061391490761)
895 (92.595035029654952, -350.00954934096956, -257.41451431131463)
896 (93.448947826407831, -350.93904281034906, -257.49009498394122)
897 (93.57018485078477, -351.49355088455451, -257.92336603376975)
898 (88.834769732060039, -346.54299184145179, -257.70822210939173)
899 (82.236695827228644, -339.42754422064195, -257.19084839341332)
900 (80.115161170125745, -337.35853091476332, -257.24336974463756)
901 (83.255316032974235, -340.61141166248058, -257.35609562950634)
902 (89.744693371078469, -347.28350088946888, -257.5388075183904)
903 (96.199098891603171, -353.98806658012444, -257.78896768852127)
904 (98.931857040198139, -356.69967848761547, -257.7678214474173)
905 (96.879431000761016, -354.70818682465659, -257.82875582389556)
906 (90.188910429842068, -347.81474097541883, -257.62583054557678)
907 (82.38390395352117, -339.66724287622418, -257.28333892270302)
908 (78.032551365079527, -335.34630514172187, -257.31375377664233)
909 (78.039158413484671, -335.34223568067614, -257.3030772671915)
910 (81.226379227622019, -338.78061344513071, -257.55423421750868)
911 (83.719488518783379, -341.57980811833016, -257.86031959954676)
912 (81.847703833996775, -339.55053745482923, -257.70283362083245)
913 (78.306417717505298, -335.85242436160553, -257.5460066441002)
914 (75.150227643817814, -332.88585471233887, -257.73562706852107)
915 (71.950675326600503, -329.12994064369667, -257.17926531709617)
916 (73.932491670250243, -331.13594602451826, -257.20345435426805)
917 (80.6918680934984, -338.36605586434206, -257.67418777084367)
918 (85.812903703772704, -343.645946357566, -257.83304265379331)
919 (86.159397784943621, -343.8467543202521, -257.68735653530848)
920 (84.343261744213464, -341.60774248643361, -257.26448074222014)
921 (84.906366163171185, -342.29551174154449, -257.3891455783733)
922 (87.558698282381968, -344.98924140378654, -257.43054312140458)
923 (90.773127682195906, -348.27858210415593, -257.50545442196005)
924 (93.1999674432777, -350.79647034673383, -257.5965029034561)
925 (93.409057043500653, -351.03813554721722, -257.62907850371658)
926 (90.974826092375736, -348.59258534073825, -257.61775924836252)
927 (86.707898136860351, -344.2153060850772, -257.50740794821684)
928 (83.426515340055545, -340.611713694625, -257.18519835456948)
929 (84.819995557673451, -342.28688789092593, -257.46689233325247)
930 (88.620727533021892, -346.25622281753772, -257.63549528451586)
931 (91.671725396313846, -349.19450505574036, -257.52277965942653)
932 (94.152720042471842, -351.74580646364575, -257.59308642117389)
933 (94.562440941152971, -352.36069284640217, -257.79825190524923)
934 (90.775229068415641, -348.39044126356708, -257.61521219515146)
935 (85.677483703445844, -342.83104571013428, -257.15356200668845)
936 (85.050801953948067, -342.18477788972001, -257.13397593577196)
937 (89.413778581958184, -346.82857498967877, -257.41479640772059)
938 (94.757580923511853, -352.3254442930139, -257.56786336950205)
939 (97.804099399703617, -355.54159696053279, -257.73749756082918)
940 (96.027185341484056, -353.87333101385116, -257.84614567236713)
941 (89.042494312524667, -346.61902921243507, -257.57653489991037)
942 (81.476893909821527, -338.70567741400345, -257.22878350418193)
943 (77.362474358914298, -335.01193242892418, -257.64945807000987)
944 (74.061148490806588, -331.55501006859208, -257.49386157778548)
945 (73.51023291700939, -330.63791464943034, -257.12768173242097)
946 (79.059726199541373, -336.63956960564332, -257.57984340610193)
947 (85.892744146013769, -343.66831345805741, -257.77556931204367)
948 (90.76382688723973, -348.33976105168341, -257.57593416444365)
949 (93.740670842613554, -351.56624490094697, -257.82557405833342)
950 (92.029909620239096, -349.91672067962401, -257.88681105938491)
951 (86.529874312029762, -343.70700017330228, -257.17712586127254)
952 (85.135144453721367, -342.85999259186548, -257.72484813814413)
953 (85.589002900908895, -343.21828958013873, -257.62928667922984)
954 (86.513864976275229, -343.84756762689688, -257.33370265062166)
955 (89.984402883657978, -347.67501984362855, -257.69061695997055)
956 (92.094071513395448, -349.81672255705189, -257.72265104365647)
957 (91.884044363432338, -349.26698981522753, -257.38294545179519)
958 (92.8278572346766, -350.13839877481024, -257.31054154013361)
959 (95.507836803360121, -353.16725722123954, -257.6594204178794)
960 (95.067629399199632, -353.15268898736821, -258.08505958816858)
961 (87.607568393273823, -345.27607070242021, -257.66850230914639)
962 (80.397001046870756, -337.29104621875564, -256.8940451718849)
963 (81.516701451335337, -339.13475800970667, -257.61805655837134)
964 (84.712064256900319, -342.5296631590079, -257.81759890210759)
965 (84.980803306531442, -342.59539577620575, -257.61459246967434)
966 (83.813413099964336, -341.17535885164648, -257.36194575168213)
967 (84.314180824360506, -341.59133789921367, -257.27715707485316)
968 (87.128608689475726, -344.66326127825698, -257.53465258878123)
969 (89.012866086838557, -346.78725225422386, -257.77438616738527)
970 (87.378297341868958, -344.97056258748074, -257.59226524561177)
971 (84.644197399213155, -342.07120308130067, -257.4270056820875)
972 (83.29990686039234, -340.82665177448393, -257.52674491409158)
973 (83.146869527004768, -340.55943698230641, -257.41256745530166)
974 (84.699055084950558, -342.15316767730218, -257.45411259235163)
975 (87.017335939010593, -344.61894332317746, -257.60160738416687)
976 (87.946193334252015, -345.61726933198406, -257.67107599773203)
977 (86.407247422895125, -344.10553790678142, -257.6982904838863)
978 (83.779418618593127, -341.08339266395103, -257.3039740453579)
979 (84.592497497389658, -342.06072285657024, -257.46822535918056)
980 (87.633985323012922, -345.30105631050259, -257.66707098748964)
981 (89.779454773085604, -347.26357455676714, -257.48411978368154)
982 (91.5380034725424, -349.18018760953049, -257.64218413698808)
983 (91.506845120902994, -349.19511036990281, -257.68826524899981)
984 (89.046215143395671, -346.57665231950074, -257.53043717610507)
985 (86.287758486704277, -343.66433000585494, -257.37657151915067)
986 (85.906527639506052, -343.16968949513301, -257.26316185562695)
987 (89.638737956575767, -347.04098773193761, -257.40224977536184)
988 (94.919880136762629, -352.79022305104309, -257.87034291428046)
989 (96.545377157859718, -354.29041285723912, -257.7450356993794)
990 (94.65585194856483, -352.19498203927702, -257.53913009071221)
991 (91.955169989599, -349.50549323376066, -257.55032324416163)
992 (88.640397119623771, -346.39011017756525, -257.74971305794145)
993 (83.503916609623033, -341.13726114702905, -257.633344537406)
994 (79.20254859344314, -336.35783389462046, -257.15528530117729)
995 (81.086364492662028, -338.31365320581358, -257.22728871315155)
996 (88.163456017001863, -345.76425419358702, -257.60079817658516)
997 (94.394385929626452, -352.18970230918154, -257.79531637955506)
998 (96.050899598761617, -353.77019669089572, -257.71929709213407)
999 (93.835842062144081, -351.29516047515546, -257.45931841301137)
