0 (69.888000000000034, -327.54587844028083, -257.6578784402808)
1 (69.871788743771518, -327.56331754006675, -257.69152879629524)
2 (69.789347156101186, -327.48090723499547, -257.69156007889427)
3 (69.60680116385069, -327.29837971706263, -257.69157855321191)
4 (69.32414349400041, -327.01572675522903, -257.69158326122863)
5 (68.941640896616093, -326.63321386105798, -257.69157296444189)
6 (68.459852175142998, -326.15139832659781, -257.69154615145482)
7 (67.879650350168262, -325.57115145845484, -257.69150110828656)
8 (67.202247674909813, -324.89368337352789, -257.69143569861808)
9 (66.429223357371995, -324.12057112615719, -257.69134776878519)
10 (65.562555708758566, -323.25379061144503, -257.69123490268646)
11 (64.604655232525317, -322.29574983939625, -257.69109460687093)
12 (63.558401579330649, -321.24932609410536, -257.69092451477468)
13 (62.427177587089979, -320.1178989099152, -257.6907213228252)
14 (61.214900330901983, -318.90538344905042, -257.69048311814845)
15 (59.926061283472784, -317.61626981866408, -257.69020853519129)
16 (58.56575610661551, -316.25565042996743, -257.68989432335195)
17 (57.139702129604508, -314.8292396985143, -257.68953756890977)
18 (55.654288084542259, -313.34341842778599, -257.68913034324373)
19 (54.116560478937295, -311.80525095517396, -257.68869047623667)
20 (52.534196558858731, -310.22240409268295, -257.6882075338242)
21 (50.915534196339742, -308.6032184292747, -257.68768423293494)
22 (49.269531850938456, -306.95664895427052, -257.68711710333207)
23 (47.605763201682137, -305.2922936859996, -257.68653048431747)
24 (45.934322737378082, -303.62021736580556, -257.68589462842749)
25 (44.265731464332099, -301.9509635577158, -257.68523209338372)
26 (42.610904403672166, -300.29545400487768, -257.6845496012055)
27 (40.981082667392634, -298.6649639658412, -257.68388129844857)
28 (39.387659491729273, -297.07083183752309, -257.68317234579382)
29 (37.841924700192976, -295.52440587800248, -257.68248117780951)
30 (36.355003509397733, -294.03681290945667, -257.68180940005891)
31 (34.937775256955753, -292.61892127322835, -257.68114601627258)
32 (33.600680436738884, -291.28123683285924, -257.68055639612032)
33 (32.353464970413249, -290.03348818961632, -257.68002321920306)
34 (31.205050286439192, -288.88459134673752, -257.67954106029833)
35 (30.163404117188545, -287.84253698646626, -257.67913286927774)
36 (29.235362983036222, -286.91417512560855, -257.67881214257233)
37 (28.426476033701007, -286.10502405186776, -257.67854801816674)
38 (27.74103590449316, -285.41940910048606, -257.67837319599289)
39 (27.181923076782422, -284.86020911781179, -257.67828604102937)
40 (26.750490293625646, -284.42877020312375, -257.67827990949809)
41 (26.446768304532149, -284.12516426980363, -257.67839596527148)
42 (26.269347520339583, -283.94795323191119, -257.67860571157161)
43 (26.215534154972627, -283.89435469224071, -257.67882053726811)
44 (26.281262601889519, -283.96050117233284, -257.67923857044332)
45 (26.460998107034694, -284.14059533788418, -257.67959723084948)
46 (26.748154451894006, -284.42819572521751, -257.68004127332352)
47 (27.135552184160506, -284.81612321568878, -257.68057103152825)
48 (27.614957520369021, -285.29607556183026, -257.68111804146122)
49 (28.177276541642019, -285.85907789593745, -257.68180135429543)
50 (28.813288654902816, -286.49578534547544, -257.68249669057263)
51 (29.51340793188362, -287.19660701122717, -257.68319907934358)
52 (30.267814975420084, -287.95163056402106, -257.68381558860096)
53 (31.066634567843597, -288.75107958840368, -257.68444502056008)
54 (31.900512768080038, -289.58564143642502, -257.68512866834499)
55 (32.760066972351595, -290.44573201553453, -257.68566504318295)
56 (33.635926390558581, -291.32203816159256, -257.68611177103401)
57 (34.519669923447061, -292.20637492661939, -257.68670500317234)
58 (35.403504861782537, -293.09069635627031, -257.68719149448776)
59 (36.279855923505409, -293.96742747003731, -257.6875715465319)
60 (37.142015118494243, -294.83003226659201, -257.68801714809774)
61 (37.984060444732201, -295.67234037984423, -257.68827993511201)
62 (38.800569486508174, -296.48922115148332, -257.68865166497517)
63 (39.587179016933426, -297.27609407036726, -257.68891505343385)
64 (40.340255212485971, -298.0292214045744, -257.6889661920884)
65 (41.056964528887363, -298.74597393873267, -257.68900940984531)
66 (41.734852126886715, -299.4239462213913, -257.68909409450458)
67 (42.372625714263698, -300.06187257768039, -257.68924686341671)
68 (42.969751315961176, -300.65874641452785, -257.68899509856669)
69 (43.525749958807602, -301.21476410069977, -257.68901414189219)
70 (44.040868500238147, -301.72974135449488, -257.68887285425672)
71 (44.516031601235589, -302.20489816268878, -257.68886656145321)
72 (44.952971486109817, -302.64173664398976, -257.68876515787997)
73 (45.353820069305634, -303.04240079782761, -257.68858072852197)
74 (45.721568851299999, -303.41000358456347, -257.68843473326348)
75 (46.059267578158675, -303.7475364719495, -257.68826889379085)
76 (46.369868922303517, -304.05798378538429, -257.68811486308078)
77 (46.657322671006732, -304.34520513462195, -257.68788246361521)
78 (46.925943798536231, -304.61358864491194, -257.68764484637569)
79 (47.17958338067114, -304.86701086379998, -257.68742748312883)
80 (47.422483693359666, -305.10960653667257, -257.68712284331292)
81 (47.659184221692506, -305.34608930976162, -257.68690508806912)
82 (47.893748556008809, -305.5803651942295, -257.6866166382207)
83 (48.130553035287051, -305.81694860646093, -257.68639557117388)
84 (48.374094556356013, -306.06013706017757, -257.68604250382157)
85 (48.62889421957901, -306.31447810503016, -257.68558388545114)
86 (48.899232120470487, -306.5845945116601, -257.68536239118964)
87 (49.189105510887778, -306.87417140140298, -257.6850658905152)
88 (49.502412744180383, -307.1872308925395, -257.68481814835911)
89 (49.8430298628789, -307.52754853759774, -257.68451867471884)
90 (50.21475937287196, -307.89897715489184, -257.68421778201986)
91 (50.620624813871466, -308.30456198452612, -257.68393717065464)
92 (51.063359856787031, -308.74734973701919, -257.68398988023216)
93 (51.545822668578985, -309.22969849332696, -257.68387582474799)
94 (52.070181284205439, -309.75397222262507, -257.68379093841963)
95 (52.637963251978569, -310.32164501091904, -257.68368175894045)
96 (53.250787995975493, -310.93431586845685, -257.68352787248136)
97 (53.910023962203269, -311.59347297847916, -257.68344901627586)
98 (54.616214293830055, -312.29958334543738, -257.68336905160731)
99 (55.369366570664681, -313.05265292144134, -257.68328635077665)
100 (56.169283649263463, -313.85263317283477, -257.68334952357134)
101 (57.015934580234486, -314.69906158455808, -257.68312700432358)
102 (57.908592391950485, -315.59189085072865, -257.68329845877815)
103 (58.845747430603986, -316.52921186611525, -257.68346443551127)
104 (59.82597504060957, -317.50942370017611, -257.68344865956652)
105 (60.84749173943176, -318.53117562789822, -257.68368388846648)
106 (61.908132596332734, -319.59199757613959, -257.68386497980686)
107 (63.005337170405369, -320.6894644328305, -257.68412726242514)
108 (64.13620322236747, -321.82055257998422, -257.68434935761672)
109 (65.298096655751124, -322.98270832577163, -257.6846116700205)
110 (66.488104168923257, -324.17308444797681, -257.68498027905355)
111 (67.702597630519477, -325.38767028898826, -257.68507265846881)
112 (68.938212574130603, -326.62364757968572, -257.68543500555512)
113 (70.191636150321969, -327.877118146398, -257.68548199607602)
114 (71.459759574099493, -329.14512502604578, -257.68536545194627)
115 (72.738982505138424, -330.42447339748236, -257.68549089234392)
116 (74.025474578357517, -331.71112611201312, -257.68565153365557)
117 (75.315473113367588, -333.0014405781929, -257.6859674648253)
118 (76.605265462391444, -334.29153339188821, -257.68626792949675)
119 (77.891031487429814, -335.57766194003045, -257.68663045260064)
120 (79.168509181853125, -336.85542181557543, -257.68691263372227)
121 (80.43443621090104, -338.12184382982304, -257.68740761892201)
122 (81.685672616161924, -339.3734431286764, -257.68777051251448)
123 (82.918812006263138, -340.60703483862142, -257.68822283235829)
124 (84.13032219135664, -341.81874028124423, -257.68841808988759)
125 (85.317108343809053, -343.00568647888264, -257.68857813507361)
126 (86.476737450862814, -344.16550670311744, -257.68876925225464)
127 (87.606933987037138, -345.29572386548938, -257.68878987845221)
128 (88.70503228316295, -346.3937365423954, -257.68870425923245)
129 (89.767926017459914, -347.45683046768249, -257.68890445022259)
130 (90.793127121219598, -348.48222751760909, -257.68910039638951)
131 (91.778258157179877, -349.46746753121317, -257.68920937403328)
132 (92.72073302825234, -350.41002912473658, -257.68929609648421)
133 (93.618416663921749, -351.3080386211625, -257.68962195724077)
134 (94.469170649770675, -352.15900929674251, -257.68983864697185)
135 (95.270976807573831, -352.96063850814812, -257.68966170057428)
136 (96.021685125988256, -353.71146502845789, -257.68977990246964)
137 (96.718932273828514, -354.40890519527085, -257.68997292144235)
138 (97.360897482840727, -355.0510613051236, -257.6901638222829)
139 (97.946057809414498, -355.63622308435373, -257.6901652749392)
140 (98.47281782261615, -356.16290237097962, -257.69008454836347)
141 (98.939326341976596, -356.62948986912983, -257.69016352715323)
142 (99.344160988414885, -357.03439907478713, -257.69023808637223)
143 (99.686280651529714, -357.37682431146436, -257.69054365993463)
144 (99.964605676285416, -357.65501800707864, -257.69041233079321)
145 (100.17792855586517, -357.86867560452527, -257.69074704866011)
146 (100.32520969691745, -358.01612783641451, -257.69091813949706)
147 (100.40658816677708, -358.09730575282498, -257.69071758604787)
148 (100.42165252767398, -358.11243440364655, -257.69078187597256)
149 (100.37033476654835, -358.0612784299156, -257.69094366336725)
150 (100.25333811969556, -357.9442443113474, -257.69090619165183)
151 (100.07131444261441, -357.76219458003783, -257.69088013742339)
152 (99.825783068748734, -357.51659436188191, -257.69081129313315)
153 (99.518767174750778, -357.20953703365598, -257.69076985890518)
154 (99.15330087517691, -356.84391453226561, -257.6906136570887)
155 (98.733518977873743, -356.42368230252521, -257.69016332465145)
156 (98.263065039062553, -355.9530183017896, -257.68995326272704)
157 (97.745692988954914, -355.43542014792695, -257.689727158972)
158 (97.186695344989857, -354.87607814770837, -257.68938280271851)
159 (96.59166763076044, -354.28067006752303, -257.68900243676262)
160 (95.966907229793918, -353.65581261910017, -257.68890538930623)
161 (95.31888196780406, -353.00743406923965, -257.68855210143556)
162 (94.654317075658568, -352.34252325072254, -257.68820617506395)
163 (93.98077701841946, -351.66865040492632, -257.68787338650685)
164 (93.306082349209319, -350.99349079424968, -257.68740844504038)
165 (92.638222000491112, -350.32516696736866, -257.68694496687755)
166 (91.985026393081299, -349.67154135093921, -257.68651495785792)
167 (91.354367873152128, -349.04044455715166, -257.68607668399954)
168 (90.75470708486597, -348.44036217834929, -257.68565509348332)
169 (90.193573400938192, -347.87877104129115, -257.68519764035295)
170 (89.677127728420402, -347.36189996989589, -257.68477224147546)
171 (89.211025954477307, -346.89554588521088, -257.68451993073359)
172 (88.799896436546348, -346.48422357821858, -257.68432714167221)
173 (88.447222405291058, -346.13142294944845, -257.68420054415742)
174 (88.154869255726624, -345.83905469704911, -257.68418544132248)
175 (87.922935639138899, -345.60725437317291, -257.68431873403404)
176 (87.750048557414914, -345.43455578375909, -257.68450722634418)
177 (87.633383647079484, -345.31808652819291, -257.68470288111342)
178 (87.568513613249323, -345.2536307399846, -257.68511712673529)
179 (87.549838260931395, -345.23535986831325, -257.68552160738187)
180 (87.571262626350233, -345.25706558562047, -257.68580295927023)
181 (87.625888689385448, -345.31220929382022, -257.68632060443474)
182 (87.706119040581882, -345.39293465570199, -257.68681561512011)
183 (87.804811623367769, -345.49213129025327, -257.68731966688551)
184 (87.915120318939898, -345.60284103067306, -257.68772071173316)
185 (88.030546596314949, -345.71861664797245, -257.68807005165752)
186 (88.145599827017776, -345.83395789762, -257.68835807060225)
187 (88.255720709831252, -345.94430666051665, -257.68858595068536)
188 (88.357373305388535, -346.04606695627945, -257.68869365089091)
189 (88.447857030072441, -346.13664318642316, -257.68878615635072)
190 (88.525482133927568, -346.21437125808416, -257.68888912415662)
191 (88.589228852490848, -346.27807108576957, -257.68884223327871)
192 (88.638339868191053, -346.32716153785378, -257.68882166966273)
193 (88.67283726076387, -346.36157400200938, -257.68873674124552)
194 (88.69309827065787, -346.38177834010366, -257.68868006944581)
195 (88.699993645068361, -346.388451580207, -257.68845793513867)
196 (88.694282695063691, -346.3826805250913, -257.68839783002761)
197 (88.67605067890355, -346.36442189665775, -257.6883712177542)
198 (88.645608763179794, -346.33389183068181, -257.68828306750203)
199 (88.603356314966334, -346.29171027848469, -257.68835396351835)
200 (88.549344892261388, -346.23770988118525, -257.68836498892387)
201 (88.483754695491186, -346.17210936058348, -257.68835466509228)
202 (88.406396038916043, -346.09481957895377, -257.68842354003772)
203 (88.316791151601535, -346.00535072601315, -257.68855957441161)
204 (88.214916304726572, -345.90375372173793, -257.68883741701137)
205 (88.100886053539369, -345.78976456923209, -257.68887851569275)
206 (87.974349358843895, -345.6632638316666, -257.68891447282272)
207 (87.834908747724469, -345.52392162247071, -257.68901287474625)
208 (87.682699714911692, -345.37170613248253, -257.68900641757085)
209 (87.518419081388572, -345.20792129247599, -257.68950221108742)
210 (87.342580873861962, -345.03204710271439, -257.68946622885244)
211 (87.155123331810387, -344.84455963588636, -257.68943630407597)
212 (86.95702285331248, -344.64643643824951, -257.68941358493703)
213 (86.748953177375824, -344.43833147462306, -257.68937829724723)
214 (86.531261510982716, -344.22059062289236, -257.68932911190961)
215 (86.305146366129534, -343.99456862509885, -257.68942225896933)
216 (86.071359328998454, -343.76074781337496, -257.68938848437654)
217 (85.830336416129967, -343.51972753981096, -257.68939112368099)
218 (85.582796037384995, -343.27217774507653, -257.68938170769155)
219 (85.329349680516842, -343.01867495702766, -257.68932527651083)
220 (85.070736884031021, -342.76009508584991, -257.68935820181889)
221 (84.807125800412535, -342.4965030455952, -257.68937724518264)
222 (84.538370990452975, -342.22773848888187, -257.68936749842891)
223 (84.264716526969082, -341.95386380216399, -257.6891472751949)
224 (83.986069444626025, -341.67546061616213, -257.6893911715361)
225 (83.701827033029858, -341.39126261232565, -257.68943557929578)
226 (83.411374113291856, -341.10085580090555, -257.68948168761369)
227 (83.114491005998232, -340.80395578487935, -257.68946477888113)
228 (82.811082995748663, -340.50067689569329, -257.68959389994461)
229 (82.501009900897614, -340.19042463235957, -257.68941473146197)
230 (82.184047919683678, -339.87348734377349, -257.68943942408981)
231 (81.860652665517449, -339.5500591827747, -257.68940651725723)
232 (81.532120083468669, -339.22115663536107, -257.6890365518924)
233 (81.199436965564516, -338.88848102192412, -257.68904405635959)
234 (80.863864922100603, -338.55276999354442, -257.6889050714438)
235 (80.528181029414441, -338.21703480823288, -257.68885377881844)
236 (80.195758011157665, -337.88427233667431, -257.68851432551662)
237 (79.869930880415524, -337.55801182075282, -257.68808094033727)
238 (79.554992011845513, -337.24277599528631, -257.6877839834408)
239 (79.255898992286532, -336.94327913644076, -257.68738014415425)
240 (78.977675040759351, -336.66486673349976, -257.68719169274038)
241 (78.725567996890135, -336.41235455159847, -257.68678655470831)
242 (78.504699450579849, -336.19114853595642, -257.68644908537658)
243 (78.320139636182716, -336.00616012125306, -257.68602048507034)
244 (78.176657672088808, -335.86236533432071, -257.68570766223189)
245 (78.078141203866153, -335.76366601624551, -257.68552481237936)
246 (78.027456692501516, -335.71285614893941, -257.68539945643789)
247 (78.026354146817567, -335.71178511865088, -257.68543097183328)
248 (78.075477558891109, -335.76089376020371, -257.68541620131259)
249 (78.173956090398178, -335.8595476549774, -257.68559156457923)
250 (78.319219249049922, -336.00505385548053, -257.6858346064306)
251 (78.507757457500276, -336.19359634119519, -257.68583888369494)
252 (78.734746990863599, -336.42123989292156, -257.68649290205798)
253 (78.993957223725403, -336.6807201451478, -257.68676292142243)
254 (79.278270355966598, -336.96538495431679, -257.68711459835021)
255 (79.579797478455163, -337.26743355426015, -257.68763607580502)
256 (79.891146870182141, -337.57890674878934, -257.68775987860721)
257 (80.204768418832444, -337.8929994919373, -257.68823107310487)
258 (80.513241228228935, -338.20186057227102, -257.68861934404208)
259 (80.810260979745067, -338.49932396462822, -257.68906298488315)
260 (81.090573470304193, -338.77981285841025, -257.68923938810605)
261 (81.350413350238327, -339.03968290480384, -257.6892695545655)
262 (81.587087508710155, -339.27642751499434, -257.68934000628417)
263 (81.79912680680404, -339.48828995040276, -257.68916314359871)
264 (81.986708968307269, -339.6757570424453, -257.68904807413804)
265 (82.151479497247976, -339.84033188010324, -257.68885238285526)
266 (82.296214375897193, -339.98476800787478, -257.68855363197758)
267 (82.424715803536671, -340.11287835119862, -257.68816254766193)
268 (82.541897561775897, -340.22992643961948, -257.68802887784358)
269 (82.652586253925449, -340.34028785749251, -257.68770160356706)
270 (82.761804215028462, -340.44901757232287, -257.68721335729441)
271 (82.874414151094911, -340.56145208079835, -257.68703792970342)
272 (82.99446609832593, -340.6813785789945, -257.68691248066858)
273 (83.125260430629666, -340.81206428212982, -257.68680385150014)
274 (83.268752865787249, -340.95548935419851, -257.68673648841127)
275 (83.425247345565097, -341.11199136690658, -257.6867440213415)
276 (83.593650116901628, -341.28046058144639, -257.68681046454475)
277 (83.772002253138595, -341.45897723270235, -257.68697497956373)
278 (83.957325750055929, -341.64465173756065, -257.68732598750472)
279 (84.145856889605511, -341.83352988949304, -257.68767299988752)
280 (84.332857048463566, -342.02082035607583, -257.68796330761228)
281 (84.51320035833082, -342.20145349445608, -257.68825313612524)
282 (84.682270406947424, -342.37081715932061, -257.68854675237321)
283 (84.834959461064642, -342.52378666145194, -257.68882720038732)
284 (84.965886681864063, -342.65490614216628, -257.68901946030223)
285 (85.07055640784877, -342.75991085496514, -257.68935444711639)
286 (85.145146487079089, -342.83471234359297, -257.68956585651387)
287 (85.186771245670215, -342.87648229396535, -257.68971104829512)
288 (85.192697263795537, -342.88238489411265, -257.68968763031711)
289 (85.159888136071189, -342.84950557568806, -257.68961743961688)
290 (85.085981287720386, -342.77571512381388, -257.68973383609352)
291 (84.969926681585932, -342.6598743487155, -257.68994766712956)
292 (84.811153231484866, -342.50110207046271, -257.68994883897784)
293 (84.609697212954046, -342.29962060386191, -257.68992339090789)
294 (84.36750323497121, -342.05729459598967, -257.68979136101848)
295 (84.08669981475326, -341.77646175140575, -257.68976193665247)
296 (83.769574338466725, -341.45908295918963, -257.6895086207229)
297 (83.41991515329407, -341.10912991850876, -257.68921476521467)
298 (83.042641509291087, -340.73150556840773, -257.68886405911667)
299 (82.644069405049109, -340.33252433177927, -257.68845492673017)
300 (82.231577990267724, -339.91969884114081, -257.68812085087308)
301 (81.813279123113546, -339.50083561929193, -257.68755649617839)
302 (81.398449022245373, -339.08532620636055, -257.68687718411519)
303 (80.997286766698153, -338.6834236465433, -257.68613687984515)
304 (80.620170936955077, -338.30562296626334, -257.68545202930829)
305 (80.277682628446513, -337.96243471670664, -257.6847520882601)
306 (79.980744488733649, -337.66502302877097, -257.68427854003733)
307 (79.739577695825901, -337.42325223790044, -257.68367454207453)
308 (79.563241114712866, -337.24640415244676, -257.68316303773389)
309 (79.459831260849739, -337.14259974972509, -257.68276848887535)
310 (79.435546433615542, -337.11805866433406, -257.68251223071854)
311 (79.494361268211449, -337.17675551359622, -257.68239424538478)
312 (79.638678302333588, -337.32099267975235, -257.68231437741878)
313 (79.867798432790806, -337.55037451844066, -257.68257608564988)
314 (80.17774262174467, -337.86070626571728, -257.68296364397258)
315 (80.562781252755997, -338.246235591117, -257.683454338361)
316 (81.014847354385765, -338.69897734948159, -257.68412999509582)
317 (81.523817496852843, -339.2086696225179, -257.68485212566509)
318 (82.078054841059654, -339.76370038196944, -257.68564554090977)
319 (82.664984150859695, -340.35145934321264, -257.68647519235293)
320 (83.271644473044532, -340.95894600344377, -257.68730153039922)
321 (83.88496594709359, -341.57304295566081, -257.68807700856723)
322 (84.492445993132279, -342.18127436418172, -257.68882837104945)
323 (85.082449299036398, -342.77190781034557, -257.68945851130917)
324 (85.644631182389858, -343.33467337743696, -257.69004219504711)
325 (86.170196434015509, -343.86071490249981, -257.6905184684843)
326 (86.651633805862332, -344.3424806566444, -257.69084685078207)
327 (87.082971973572953, -344.77401710148558, -257.69104512791262)
328 (87.460875806784074, -345.15230761433548, -257.6914318075514)
329 (87.783212767045526, -345.47457430044682, -257.69136153340128)
330 (88.047816648533228, -345.73912569100253, -257.6913090424693)
331 (88.254209979847545, -345.94535133604018, -257.69114135619265)
332 (88.403410529815019, -346.09436028127351, -257.6909497514585)
333 (88.497284033106041, -346.18801760749295, -257.69073357438691)
334 (88.538591930204149, -346.22920213136939, -257.69061020116521)
335 (88.530711285902456, -346.22098347631328, -257.69027219041084)
336 (88.477101158398241, -346.16712489857821, -257.69002374017998)
337 (88.381671525965729, -346.07137565163521, -257.68970412566949)
338 (88.24812316443689, -345.9375290305461, -257.68940586610921)
339 (88.079589747905999, -345.76875952171292, -257.68916977380695)
340 (87.879761158896969, -345.5688725036307, -257.68911134473376)
341 (87.652105248676577, -345.34099145421715, -257.6888862055406)
342 (87.399581530849332, -345.08836444756253, -257.68878291671319)
343 (87.125467265623286, -344.81422236730839, -257.6887551016851)
344 (86.832554538392614, -344.52109529785474, -257.68854075946211)
345 (86.523327652519072, -344.21183840109603, -257.68851074857696)
346 (86.199901942834344, -343.88829937886175, -257.6883974360274)
347 (85.863961878459122, -343.55224305597716, -257.68828117751804)
348 (85.517629187298411, -343.2057761156716, -257.68814692837316)
349 (85.163342887669913, -342.85134461948132, -257.68800173181143)
350 (84.802762983437631, -342.49066624642916, -257.68790326299154)
351 (84.436946648341362, -342.12477960086358, -257.68783295252223)
352 (84.067785682331774, -341.75548213153695, -257.68769644920519)
353 (83.696872638624015, -341.38451324016972, -257.6876406015457)
354 (83.325450416633771, -341.01302571147733, -257.68757529484355)
355 (82.955050763699987, -340.64257383159656, -257.68752306789656)
356 (82.587140721427033, -340.27458089885226, -257.68744017742523)
357 (82.223117277474756, -339.91051790745018, -257.6874006299754)
358 (81.864460435076523, -339.55179265608615, -257.68733222100963)
359 (81.512474623444902, -339.19978264488981, -257.68730802144489)
360 (81.168414514919434, -338.8555672000129, -257.68715268509345)
361 (80.833918177317614, -338.52110844221056, -257.68719026489293)
362 (80.510308600760226, -338.19732095479401, -257.68701235403375)
363 (80.198920431774368, -337.8859477585458, -257.68702732677144)
364 (79.90093214316245, -337.58808484829541, -257.68715270513297)
365 (79.617309316193769, -337.30461598810899, -257.68730667191522)
366 (79.349107820655519, -337.03658807984056, -257.68748025918501)
367 (79.097297775258312, -336.78471005718893, -257.68741228193062)
368 (78.863042877347993, -336.55042247672344, -257.68737959937545)
369 (78.647546771650894, -336.33487760759425, -257.68733083594338)
370 (78.4524051910076, -336.13966705519283, -257.68726186418525)
371 (78.279586025526726, -335.96666705391823, -257.6870810283915)
372 (78.131097154073458, -335.81805705575158, -257.68695990167811)
373 (78.009147979246478, -335.69597266645604, -257.68682468720954)
374 (77.916792982754458, -335.60365714152886, -257.68686415877437)
375 (77.85713647973779, -335.54381867996744, -257.68668220022965)
376 (77.833296123216641, -335.51975628315432, -257.68646015993767)
377 (77.849092633598531, -335.53530497050087, -257.68621233690237)
378 (77.908701864869911, -335.59466258287898, -257.68596071800908)
379 (78.016566099845463, -335.70223699917159, -257.68567089932611)
380 (78.177173961701058, -335.86258072904741, -257.68540676734636)
381 (78.395046676950003, -336.08042819171965, -257.68538151476963)
382 (78.674090975461382, -336.35923628447722, -257.68514530901587)
383 (79.017612891020136, -336.70258441164219, -257.68497152062207)
384 (79.429031440569432, -337.11380057021319, -257.68476912964377)
385 (79.91004391977765, -337.59475725614612, -257.68471333636847)
386 (80.460736326407925, -338.14549553977992, -257.68475921337199)
387 (81.080574381583787, -338.7653813729026, -257.68480699131879)
388 (81.767712083487851, -339.45271343956728, -257.6850013560794)
389 (82.519100147921492, -340.20434711042884, -257.68524696250734)
390 (83.329806556647242, -341.01537612667767, -257.68556957003045)
391 (84.193717674519121, -341.87987910250257, -257.68616142798345)
392 (85.104014568874192, -342.7907012779259, -257.68668670905174)
393 (86.052773700948492, -343.74001938457081, -257.68724568362234)
394 (87.031483133217264, -344.71926448717755, -257.6877813539603)
395 (88.030876989663597, -345.71921941477285, -257.68834242510923)
396 (89.04126679034168, -346.73014130370728, -257.68887451336559)
397 (90.052904436166415, -347.74236287601985, -257.68945843985341)
398 (91.055864531879422, -348.74590869228223, -257.69004416040281)
399 (92.040796461656754, -349.73127048290513, -257.69047402124841)
400 (92.997994141353857, -350.68908201998238, -257.69108787862854)
401 (93.917340260885624, -351.60895809507196, -257.69161783418633)
402 (94.789373446829728, -352.48151695671464, -257.69214350988489)
403 (95.605671356566191, -353.29816434926465, -257.69249299269848)
404 (96.357731846874259, -354.05074766036546, -257.69301581349123)
405 (97.037107635935087, -354.73063284587471, -257.69352520993959)
406 (97.636366995851901, -355.33028974053781, -257.69392274468589)
407 (98.14897395614625, -355.84337181293773, -257.69439785679151)
408 (98.569605888081853, -356.26426719914457, -257.6946613110627)
409 (98.894086164850691, -356.58895972338394, -257.69487355853323)
410 (99.119526370313366, -356.81445370037602, -257.69492733006268)
411 (99.244169855557175, -356.93909669050572, -257.69492683494855)
412 (99.267676732146356, -356.96252293941484, -257.69484620726848)
413 (99.192006283831844, -356.88669123235917, -257.69468494852731)
414 (99.020559063621533, -356.7147879789411, -257.69422891531957)
415 (98.757577871274577, -356.4513503509678, -257.69377247969322)
416 (98.408926109748975, -356.10214905091215, -257.69322294116319)
417 (97.98186950820913, -355.67456835164904, -257.69269884343993)
418 (97.484988768491164, -355.17708026801392, -257.69209149952275)
419 (96.928056444351412, -354.6194029646183, -257.6913465202669)
420 (96.321036515642575, -354.01166664994906, -257.6906301343065)
421 (95.673967671241229, -353.36400773648927, -257.69004006524801)
422 (94.996764478481126, -352.68618106327, -257.68941658478889)
423 (94.298939199879825, -351.98780826582674, -257.6888690659469)
424 (93.589443360323756, -351.27782518338915, -257.68838182306541)
425 (92.876411770597656, -350.56436288643755, -257.68795111583989)
426 (92.166856880214723, -349.85443391459376, -257.68757703437905)
427 (91.466671205563003, -349.15401006273987, -257.68733885717688)
428 (90.780857886025558, -348.4679210892578, -257.68706320323224)
429 (90.113368807514448, -347.80023895826645, -257.68687015075199)
430 (89.46721095643629, -347.15393499355514, -257.68672403711884)
431 (88.844639910744021, -346.53136468445501, -257.68672477371098)
432 (88.247201475333171, -345.93393321903415, -257.68673174370099)
433 (87.675563195221471, -345.36225512199223, -257.68669192677078)
434 (87.130029037700581, -344.81670194716497, -257.68667290946439)
435 (86.610648482435892, -344.29740841983141, -257.68675993739555)
436 (86.116584640794528, -343.80340007838464, -257.6868154375901)
437 (85.646198326148451, -343.33312861781309, -257.68693029166462)
438 (85.197648304171892, -342.88469908515816, -257.68705078098628)
439 (84.768688046039642, -342.45590182834167, -257.68721378230202)
440 (84.356472347518235, -342.04395092181187, -257.68747857429366)
441 (83.957730302802261, -341.64540567455469, -257.68767537175245)
442 (83.568749332289514, -341.25671737391468, -257.68796804162514)
443 (83.185535894071307, -340.87375157155083, -257.68821567747955)
444 (82.803937422665143, -340.49249189126209, -257.68855446859698)
445 (82.419950608262909, -340.1087260022573, -257.68877539399438)
446 (82.029475118684715, -339.71865311591205, -257.68917799722732)
447 (81.628679395813364, -339.31799945465644, -257.68932005884307)
448 (81.21390833410139, -338.90342309392332, -257.68951475982192)
449 (80.781756552516129, -338.47144193789944, -257.68968538538331)
450 (80.330226719454572, -338.02003381030329, -257.68980709084872)
451 (79.857955164374786, -337.54773734845145, -257.68978218407665)
452 (79.364283893806544, -337.05406930903507, -257.68978541522853)
453 (78.849521217516411, -336.53924223151921, -257.68972101400277)
454 (78.315142666591385, -336.00462164518359, -257.68947897859221)
455 (77.763725919293151, -335.4529073056317, -257.68918138633853)
456 (77.199002678774804, -334.88807068518247, -257.68906800640764)
457 (76.625473370952619, -334.31419102166137, -257.68871765070878)
458 (76.048395619292833, -333.73670551621944, -257.68830989692663)
459 (75.474518610032987, -333.16241478666041, -257.68789617662742)
460 (74.911165571363824, -332.59856231227093, -257.6873967409071)
461 (74.366225280260352, -332.05302178899569, -257.68679650873537)
462 (73.848359492308205, -331.53453327933659, -257.68617378702839)
463 (73.366827816997372, -331.05267806379095, -257.68585024679356)
464 (72.930629074737809, -330.61590701756364, -257.68527794282585)
465 (72.548420699780706, -330.23314054823834, -257.68471984845763)
466 (72.228901693047163, -329.91311398869851, -257.68421229565138)
467 (71.980240936819769, -329.66407318462808, -257.68383224780831)
468 (71.809573062417684, -329.49304276462732, -257.68346970220966)
469 (71.722815256401816, -329.40603338949904, -257.68321813309723)
470 (71.724345217244974, -329.407395483134, -257.68305026588905)
471 (71.816967908413247, -329.49991844856044, -257.6829505401472)
472 (72.00151524844658, -329.68453316415719, -257.68301791571059)
473 (72.276557215652971, -329.9598488206849, -257.68329160503191)
474 (72.638854412356068, -330.32245228043649, -257.68359786808043)
475 (73.083128926574801, -330.76718779984191, -257.68405887326708)
476 (73.602267000538419, -331.28685524183214, -257.68458824129374)
477 (74.18755787665124, -331.87277296714439, -257.68521509049316)
478 (74.82898615492455, -332.51488542670023, -257.68589927177567)
479 (75.51594692242638, -333.20267697492432, -257.68673005249792)
480 (76.237364886524389, -333.92468508034062, -257.68732019381622)
481 (76.981651867912362, -334.66956598159476, -257.68791411368238)
482 (77.736865504971803, -335.42544488952427, -257.68857938455244)
483 (78.492109836440207, -336.18147528480665, -257.68936544836646)
484 (79.237071501008415, -336.92695170619442, -257.689880205186)
485 (79.961334088421552, -337.65172872461892, -257.69039463619737)
486 (80.656008309892158, -338.34676848080761, -257.69076017091544)
487 (81.31368424202644, -339.00476916101326, -257.6910849189868)
488 (81.928015039474474, -339.61946781882426, -257.69145277934979)
489 (82.493826275810278, -340.18553255994681, -257.69170628413656)
490 (83.007186171117183, -340.69907158713869, -257.69188541602148)
491 (83.46568007360699, -341.15751857612088, -257.69183850251386)
492 (83.867891376125698, -341.55984450538506, -257.69195312925933)
493 (84.212719752979808, -341.90461748524712, -257.69189773226731)
494 (84.500458402891311, -342.19243947752761, -257.69198107463632)
495 (84.732731751937493, -342.42472647255028, -257.6919947206128)
496 (84.91114137033523, -342.60292479507262, -257.69178342473742)
497 (85.038344242074103, -342.73011552263819, -257.69177128056407)
498 (85.117433104495959, -342.80895925398602, -257.69152614949007)
499 (85.151417497606985, -342.84271591895566, -257.69129842134868)
500 (85.144449149175983, -342.83540611431647, -257.69095696514046)
501 (85.10083973994864, -342.79138814202031, -257.69054840207167)
502 (85.024668811065027, -342.71493199464516, -257.6902631835801)
503 (84.919704517306613, -342.60968710916649, -257.68998259185986)
504 (84.789965116747609, -342.47986718661656, -257.68990206986894)
505 (84.639093354830734, -342.32880230285963, -257.68970894802891)
506 (84.470040587711424, -342.15961377229837, -257.68957318458695)
507 (84.286297053736405, -341.97556599471534, -257.68926894097893)
508 (84.090937889633921, -341.77988648495614, -257.68894859532224)
509 (83.886198880308001, -341.57501000571756, -257.68881112540953)
510 (83.674125289315612, -341.36286710982779, -257.68874182051218)
511 (83.456719602914035, -341.145379272399, -257.68865966948499)
512 (83.236128059920745, -340.92476170689361, -257.68863364697285)
513 (83.01473130437887, -340.70324617297433, -257.68851486859546)
514 (82.794986033946884, -340.4833937160339, -257.68840768208702)
515 (82.579644138001512, -340.26788102558902, -257.68823688758749)
516 (82.371934608967237, -340.05996187543832, -257.68802726647107)
517 (82.175689580475662, -339.8634721609734, -257.68778258049775)
518 (81.995160800728087, -339.68266739292051, -257.68750659219245)
519 (81.83499537128634, -339.52217582587355, -257.68718045458718)
520 (81.700199544118988, -339.38704743747627, -257.68684789335725)
521 (81.595742229541472, -339.28229713873856, -257.68655490919707)
522 (81.526281880828634, -339.21256291852927, -257.68628103770061)
523 (81.496546142546052, -339.18263938829568, -257.68609324574965)
524 (81.510533767477611, -339.19654408832236, -257.68601032084473)
525 (81.569880451123481, -339.25581673137413, -257.68593628025064)
526 (81.675254356609059, -339.36092820587049, -257.68567384926143)
527 (81.82631627368491, -339.51203371364846, -257.68571743996358)
528 (82.020574999186678, -339.70643604180265, -257.68586104261595)
529 (82.253958507505089, -339.94009877843428, -257.68614027092917)
530 (82.521179289735173, -340.20767544212907, -257.68649615239389)
531 (82.815952363747144, -340.50284966570706, -257.6868973019599)
532 (83.131349808053344, -340.81853898187353, -257.68718917382017)
533 (83.459637733069144, -341.14729519537758, -257.68765746230844)
534 (83.792713819793761, -341.48080669511472, -257.68809287532099)
535 (84.122898342096605, -341.81143609901613, -257.68853775691952)
536 (84.442814889156665, -342.13171442645074, -257.68889953729411)
537 (84.745384041519912, -342.43463560155311, -257.6892515600332)
538 (85.024230129934978, -342.71378548488138, -257.68955535494638)
539 (85.273996902357624, -342.96387139190574, -257.68987448954812)
540 (85.490309962169917, -343.18064772536161, -257.69033776319168)
541 (85.66924536602869, -343.35973815309728, -257.69049278706859)
542 (85.807493405245225, -343.49809377229883, -257.69060036705361)
543 (85.902838577651707, -343.59350868594186, -257.69067010829013)
544 (85.954348046312859, -343.64496241331642, -257.69061436700355)
545 (85.961275918969918, -343.65188780112095, -257.69061188215102)
546 (85.923104507854887, -343.61377240146788, -257.69066789361301)
547 (85.840269579395837, -343.53087640325072, -257.69060682385486)
548 (85.713711683807503, -343.40420929464455, -257.69049761083704)
549 (85.545131317476205, -343.23552666818136, -257.69039535070516)
550 (85.3371283430169, -343.02767032657346, -257.69054198355656)
551 (85.092534634221479, -342.78287099940007, -257.69033636517861)
552 (84.814518838058461, -342.50463610817286, -257.6901172701144)
553 (84.5073266764458, -342.19719139817812, -257.68986472173231)
554 (84.175880090390521, -341.86537403119655, -257.68949394080602)
555 (83.82569849669504, -341.51499325551339, -257.68929475881833)
556 (83.463145143125217, -341.15209017820695, -257.6889450350817)
557 (83.09466078895359, -340.78322813419572, -257.68856734524212)
558 (82.727363152444582, -340.41563768257993, -257.68827453013535)
559 (82.36851268367613, -340.05637939217814, -257.68786670850204)
560 (82.024859505298352, -339.71230889265041, -257.68744938735205)
561 (81.703951064176024, -339.3908305313517, -257.68687946717569)
562 (81.413070563222234, -339.09954584384417, -257.68647528062195)
563 (81.159181017773577, -338.84533706351522, -257.68615604574165)
564 (80.94902080006257, -338.6346771646048, -257.68565636454224)
565 (80.788369162762805, -338.4737017630294, -257.68533260026658)
566 (80.682305029717867, -338.36738168049118, -257.68507665077334)
567 (80.635819671945512, -338.32088234097137, -257.68506266902585)
568 (80.653279083652052, -338.33835154449599, -257.68507246084391)
569 (80.737504169656802, -338.42243857093996, -257.68493440128316)
570 (80.890561837112813, -338.5754225044488, -257.68486066733601)
571 (81.114381807050734, -338.79941199695065, -257.68503018989992)
572 (81.409810143620518, -339.0948338123772, -257.68502366875668)
573 (81.777175083797971, -339.4621900608015, -257.68501497700356)
574 (82.215638338067677, -339.90075473240711, -257.68511639433945)
575 (82.723460617177878, -340.40880458567636, -257.6853439684985)
576 (83.29778674741938, -340.98334242798683, -257.68555568056746)
577 (83.934164785255774, -341.61997038323949, -257.68580559798374)
578 (84.627513256121219, -342.31365389919478, -257.68614064307354)
579 (85.371952800444859, -343.05847614698172, -257.68652334653689)
580 (86.160245493744625, -343.84723487091316, -257.68698937716852)
581 (86.984477764274331, -344.6722640316969, -257.68778626742255)
582 (87.836029664340657, -345.52436189103116, -257.68833222669048)
583 (88.705891822941027, -346.39462666364858, -257.68873484070753)
584 (89.584767974801721, -347.27404897025684, -257.68928099545514)
585 (90.463417605780222, -348.15265230788634, -257.68923470210609)
586 (91.332974819465278, -349.02263930683864, -257.68966448737336)
587 (92.184535655069809, -349.8745792739395, -257.69004361886971)
588 (93.010557241064006, -350.70101501389553, -257.69045777283151)
589 (93.804314070832646, -351.49508524528483, -257.69077117445215)
590 (94.560108996031488, -352.25115176197335, -257.69104276594186)
591 (95.273467707201505, -352.9648303492927, -257.69136264209118)
592 (95.940657905670136, -353.63213928692528, -257.69148138125513)
593 (96.558629071035199, -354.25014613006726, -257.69151705903209)
594 (97.125419353689153, -354.81692534217569, -257.69150598848654)
595 (97.640348079673146, -355.33175919246634, -257.69141111279316)
596 (98.103299983541504, -355.79460431308007, -257.69130432953858)
597 (98.51483219588728, -356.20594765802275, -257.69111546213549)
598 (98.876515149340705, -356.56755043000987, -257.69103528066915)
599 (99.19020189856424, -356.88073999129466, -257.69053809273043)
600 (99.45744433827474, -357.14778096241724, -257.6903366241425)
601 (99.68023301839456, -357.37049358000678, -257.69026056161221)
602 (99.861123810767339, -357.55121220835309, -257.69008839758578)
603 (100.00250899503122, -357.69238954011558, -257.68988054508435)
604 (100.10691730325382, -357.79658955394274, -257.68967225068889)
605 (100.17701648577778, -357.86648444236425, -257.68946795658644)
606 (100.21532047739902, -357.90473596232243, -257.68941548492342)
607 (100.22403203279499, -357.91328607679748, -257.6892540440025)
608 (100.20544528615832, -357.89461831898058, -257.68917303282228)
609 (100.16117537364143, -357.85021494839032, -257.6890395747489)
610 (100.09280072081251, -357.78149669512629, -257.68869597431376)
611 (100.00135295317895, -357.68998534281837, -257.68863238963945)
612 (99.887584511166338, -357.57611308229627, -257.68852857112995)
613 (99.75213027191208, -357.44062452653418, -257.68849425462213)
614 (99.594804911620045, -357.28330983819603, -257.688504926576)
615 (99.415687608960042, -357.10420051347324, -257.68851290451323)
616 (99.215252539434573, -356.9041985942988, -257.68894605486423)
617 (98.994277638019341, -356.6833171981562, -257.68903956013685)
618 (98.751985535291794, -356.44105107442005, -257.68906553912825)
619 (98.48736396803028, -356.17649334328632, -257.68912937525602)
620 (98.200285147005815, -355.88940519736178, -257.689120050356)
621 (97.890918801234946, -355.58013634064366, -257.68921753940873)
622 (97.559106458874055, -355.24833139304798, -257.68922493417392)
623 (97.204395805014215, -354.89363445221085, -257.68923864719665)
624 (96.827078448281696, -354.51638904861295, -257.68931060033128)
625 (96.427589432414067, -354.1169651700647, -257.68937573765061)
626 (96.006290441426501, -353.69564223612701, -257.68935179470054)
627 (95.564144022106447, -353.25316889515375, -257.68902487304729)
628 (95.102118495764969, -352.79109868385353, -257.68898018808858)
629 (94.621063954651547, -352.30996935674796, -257.6889054020964)
630 (94.12233766501889, -351.81116567161047, -257.68882800659156)
631 (93.607717900770353, -351.29651851732496, -257.6888006165546)
632 (93.079206838018848, -350.76787173496416, -257.68866489694528)
633 (92.539139847274598, -350.22767365819703, -257.68853381092242)
634 (91.990539972848268, -349.67848169820599, -257.68794172535775)
635 (91.435849783796385, -349.12365182829853, -257.68780204450218)
636 (90.877564696188543, -348.56512759856133, -257.6875629023728)
637 (90.318881477280001, -348.00624555853966, -257.68736408125966)
638 (89.763083609117714, -347.45024169663571, -257.68715808751801)
639 (89.214089670524913, -346.90112446049562, -257.68703478997071)
640 (88.676134784611278, -346.36313735794823, -257.68700257333694)
641 (88.152993333844123, -345.83969338467529, -257.68670005083118)
642 (87.648652813595888, -345.33511644979285, -257.68646363619695)
643 (87.166992497660459, -344.85331626420333, -257.68632376654284)
644 (86.711559733370123, -344.39743326012172, -257.68587352675161)
645 (86.285859542264447, -343.97152344744126, -257.6856639051768)
646 (85.893133001905028, -343.57860852020423, -257.6854755182992)
647 (85.536501833794105, -343.22177863527912, -257.68527680148503)
648 (85.218765857368851, -342.90389659656677, -257.68513073919792)
649 (84.942536604472608, -342.62771213342762, -257.68517552895503)
650 (84.709870293784093, -342.39499870430365, -257.68512841051955)
651 (84.522163324049345, -342.20720473492463, -257.68504141087527)
652 (84.380775359624792, -342.06563183451789, -257.68485647489308)
653 (84.286335412860524, -341.97118696504452, -257.684851552184)
654 (84.238709296834301, -341.923558044473, -257.68484874763868)
655 (84.237730820166661, -341.92266191896579, -257.6849310987991)
656 (84.282863181499152, -341.96807653807952, -257.68521335658033)
657 (84.372478399573993, -342.0577929175912, -257.68531451801721)
658 (84.5046457030993, -342.1904638177225, -257.6858181146232)
659 (84.676865278313173, -342.36290361886313, -257.68603834054994)
660 (84.885625726596842, -342.57187861329123, -257.68625288669438)
661 (85.127496897825864, -342.8139875459064, -257.68649064808051)
662 (85.398547014600865, -343.08530942331851, -257.68676240871764)
663 (85.694390377836413, -343.38145095993877, -257.68706058210239)
664 (86.010582926772258, -343.69802248114235, -257.68743955437009)
665 (86.342006896152554, -344.02976937497971, -257.68776247882715)
666 (86.682990244902385, -344.3711172692872, -257.68812702438481)
667 (87.027978396052447, -344.71648305363311, -257.68850465758067)
668 (87.371182331014126, -345.06002409677467, -257.68884176576057)
669 (87.707289947006743, -345.39667838322339, -257.68938843621663)
670 (88.030367264910922, -345.72012598435902, -257.68975871944809)
671 (88.334158721610279, -346.02430607217997, -257.6901473505697)
672 (88.613204941499831, -346.30367796906046, -257.69047302756064)
673 (88.86230529800369, -346.55350067827737, -257.69119538027371)
674 (89.076525395312871, -346.76802865248317, -257.69150325717033)
675 (89.250876736583066, -346.94264846312541, -257.69177172654236)
676 (89.381137826235559, -347.07319546557079, -257.69205763933525)
677 (89.463923925888125, -347.15622908147361, -257.69230515558547)
678 (89.496559100611336, -347.18899264118778, -257.69243354057642)
679 (89.476924397714981, -347.16945108001443, -257.69252668229944)
680 (89.403506830469411, -347.09607834547501, -257.69257151500562)
681 (89.275897235194662, -346.96850362304582, -257.69260638785113)
682 (89.094581218791134, -346.78713798522512, -257.692556766434)
683 (88.86093637634896, -346.55339116817578, -257.69245479182683)
684 (88.577288185442498, -346.26965113224321, -257.6923629468007)
685 (88.246464146460369, -345.93860869893126, -257.69214455247089)
686 (87.872065549040983, -345.56410603394033, -257.69204048489934)
687 (87.458493901200754, -345.15021080567141, -257.69171690447064)
688 (87.011084380649024, -344.70268348621471, -257.69159910556567)
689 (86.535381862407021, -344.22667746006346, -257.69129559765645)
690 (86.036893361047632, -343.72789877422156, -257.69100541317391)
691 (85.521606099372846, -343.21227093729379, -257.69066483792096)
692 (84.995525420245144, -342.6858748538495, -257.69034943360435)
693 (84.465529713858174, -342.15490000026819, -257.68937028641)
694 (83.937857692863005, -341.6269062066043, -257.68904851374128)
695 (83.416889218131757, -341.10562626324827, -257.68873704511651)
696 (82.906817558360714, -340.59545663891652, -257.68863908055579)
697 (82.411273109503739, -340.09975327657679, -257.68848016707307)
698 (81.933078402900804, -339.62148235401878, -257.68840395111795)
699 (81.474763848223887, -339.16304309656607, -257.68827924834216)
700 (81.037972038209659, -338.72627114903543, -257.68829911082577)
701 (80.62346417777087, -338.31188066683444, -257.68841648906357)
702 (80.231571115232114, -337.92015888912454, -257.68858777389244)
703 (79.862824854061572, -337.55120334612701, -257.68837849206545)
704 (79.516823906546406, -337.20524018963573, -257.68841628308934)
705 (79.192614703094364, -336.88113877350588, -257.68852407041152)
706 (78.88985166745222, -336.57841757136174, -257.68856590390953)
707 (78.608301352687207, -336.29685711020045, -257.68855575751326)
708 (78.348265514795003, -336.03692911846548, -257.68866360367048)
709 (78.110136217841273, -335.79893971929977, -257.68880350145849)
710 (77.893762186437598, -335.58254812153535, -257.68878593509777)
711 (77.699529993012803, -335.38799012803071, -257.68846013501792)
712 (77.527996634030657, -335.21644956630627, -257.6884529322756)
713 (77.37912377925538, -335.06754460493272, -257.68842082567733)
714 (77.252854150785708, -334.94123067575111, -257.68837652496541)
715 (77.148971962850894, -334.83734476517827, -257.68837280232736)
716 (77.067243967419572, -334.75568520775113, -257.68844124033154)
717 (77.007032979128184, -334.69559738703384, -257.68856440790569)
718 (76.967266534345214, -334.65593839629827, -257.68867186195303)
719 (76.946674308204805, -334.63542490913431, -257.6887506009295)
720 (76.94403313208673, -334.6331701747834, -257.68913704269664)
721 (76.957804724706634, -334.6471172784627, -257.68931255375605)
722 (76.985905352810576, -334.67527390558098, -257.68936855277042)
723 (77.026402823431866, -334.71593199655189, -257.68952917312004)
724 (77.077572357253359, -334.76704356351564, -257.68947120626228)
725 (77.137694520006818, -334.82724297208568, -257.68954845207884)
726 (77.204755005198649, -334.89438893579216, -257.68963393059352)
727 (77.276930157053869, -334.96666678701195, -257.68973662995808)
728 (77.352518950698297, -335.04240228204912, -257.68988333135081)
729 (77.429851741809344, -335.11995180110529, -257.69010005929596)
730 (77.507471027047373, -335.19763250653688, -257.69016147948952)
731 (77.583887593674945, -335.27411789354954, -257.6902302998746)
732 (77.658319554404329, -335.34855451476938, -257.69023496036505)
733 (77.729645850642768, -335.41993781205008, -257.6902919614073)
734 (77.796366155351421, -335.48668337126873, -257.69031721591728)
735 (77.857649165086656, -335.54794883202737, -257.69029966694075)
736 (77.913266171315101, -335.60339558725065, -257.69012941593553)
737 (77.962583205826661, -335.65267587979656, -257.6900926739699)
738 (78.004269838923136, -335.69440274450062, -257.69013290557746)
739 (78.037664532256201, -335.72799553284722, -257.69033100059102)
740 (78.062299372037501, -335.75264598400997, -257.69034661197247)
741 (78.077809973388725, -335.76818967356633, -257.69037970017757)
742 (78.083641141972635, -335.77408912221722, -257.69044798024458)
743 (78.078972722773628, -335.76947208356694, -257.6904993607933)
744 (78.063394947548261, -335.75395246657041, -257.69055751902215)
745 (78.036664274252715, -335.72731012418473, -257.69064584993203)
746 (77.99866579544873, -335.6891465530598, -257.69048075761106)
747 (77.948930196012327, -335.63957678656874, -257.69064659055641)
748 (77.886751984750774, -335.5774390073301, -257.69068702257931)
749 (77.811726660014912, -335.50244332775941, -257.69071666774448)
750 (77.723727283572032, -335.41446617855399, -257.69073889498196)
751 (77.622856785798135, -335.3135196077925, -257.69066282199435)
752 (77.509366285835711, -335.20022556042261, -257.6908592745869)
753 (77.38355603671134, -335.0746311499521, -257.69107511324074)
754 (77.245622235984612, -334.93674179182631, -257.69111955584168)
755 (77.095705743446786, -334.78681793219675, -257.69111218874997)
756 (76.93416532738344, -334.62525167528378, -257.69108634790035)
757 (76.761800366208007, -334.45294253273613, -257.69114216652815)
758 (76.579560093484488, -334.2706565133708, -257.69109641988632)
759 (76.388527032858264, -334.07955961354543, -257.69103258068719)
760 (76.190201635536368, -333.88121784259545, -257.69101620705908)
761 (75.986241632093808, -333.67716635164874, -257.69092471955491)
762 (75.77865862013806, -333.46940508330499, -257.69074646316693)
763 (75.569795958448537, -333.26035431458325, -257.69055835613472)
764 (75.362288081112666, -333.05275495249475, -257.69046687138211)
765 (75.159132880142053, -332.84937832307139, -257.69024544292932)
766 (74.963327849291261, -332.65337686921407, -257.69004901992281)
767 (74.778289374069445, -332.46809569055068, -257.68980631648122)
768 (74.608039442453347, -332.29758133017128, -257.68954188771795)
769 (74.456467143895594, -332.14574534184214, -257.68927819794658)
770 (74.327963180117578, -332.01730074190766, -257.68933756179007)
771 (74.22677447125308, -331.91584227403661, -257.68906780278354)
772 (74.156642424840555, -331.84544329055234, -257.68880086571176)
773 (74.121693715685183, -331.81023565998385, -257.68854194429866)
774 (74.125848432742657, -331.81414671959215, -257.68829828684949)
775 (74.172817565045023, -331.86084625086011, -257.68802868581508)
776 (74.266188201247616, -331.95385414804963, -257.68766594680199)
777 (74.40861679690228, -332.09610376919068, -257.68748697228841)
778 (74.601973174124751, -332.28926073041526, -257.68728755629053)
779 (74.847916847549286, -332.53514144192451, -257.68722459437521)
780 (75.147641107922965, -332.83449434377286, -257.68685323584987)
781 (75.501163201109946, -333.18798900747686, -257.68682580636693)
782 (75.907625554301006, -333.59441400856906, -257.68678845426803)
783 (76.365929368327144, -334.05278994910134, -257.68686058077418)
784 (76.873810517931005, -334.56081006705989, -257.68699954912887)
785 (77.428163163382536, -335.1153389093891, -257.68717574600657)
786 (78.025872776559922, -335.71317675289731, -257.68730397633738)
787 (78.662815564709888, -336.3503202769968, -257.68750471228691)
788 (79.333847685949223, -337.02169783250162, -257.68785014655236)
789 (80.033873959668057, -337.7221495579322, -257.68827559826411)
790 (80.757119564478529, -338.4457640953795, -257.688644530901)
791 (81.497058066352068, -339.18609990179874, -257.68904183544669)
792 (82.247047750837723, -339.93632853860424, -257.68928078776651)
793 (83.000182673490329, -340.68985780465107, -257.68967513116075)
794 (83.749529376567139, -341.43958072257328, -257.69005134600616)
795 (84.488305222954111, -342.17872721045779, -257.69042198750367)
796 (85.21024364339641, -342.90129352748863, -257.69104988409219)
797 (85.909281598289823, -343.60062504989605, -257.69134345160626)
798 (86.579290985971681, -344.27093237239205, -257.69164138642037)
799 (87.214779444644378, -344.90668675967567, -257.6919073150313)
800 (87.811681591510776, -345.50421583773669, -257.69253424622593)
801 (88.366499853360111, -346.05937688022624, -257.69287702686614)
802 (88.875311441831983, -346.56832854428973, -257.69301710245776)
803 (89.335580321954225, -347.02831261545828, -257.69273229350404)
804 (89.745618876013609, -347.43829104835845, -257.69267217234483)
805 (90.104345396658758, -347.79736138161388, -257.69301598495514)
806 (90.411470129376923, -348.10449950568062, -257.69302937630368)
807 (90.666811703083894, -348.35973483806038, -257.69292313497647)
808 (90.871418071798686, -348.56395451894764, -257.69253644714894)
809 (91.026689074407713, -348.71905252713952, -257.6923634527318)
810 (91.134068117094529, -348.82626727827676, -257.6921991611822)
811 (91.195642900514628, -348.88766393816388, -257.69202103764928)
812 (91.213853375229831, -348.90565744171374, -257.69180406648388)
813 (91.191561344020087, -348.88334954482912, -257.69178820080901)
814 (91.131493606469292, -348.82309306036518, -257.69159945389589)
815 (91.036271321234494, -348.72764915795256, -257.69137783671806)
816 (90.908911029948413, -348.60020365275233, -257.69129262280393)
817 (90.752518389153963, -348.44378152835185, -257.69126313919787)
818 (90.569740346134623, -348.26087253869298, -257.69113219255837)
819 (90.363794352067714, -348.05490761980707, -257.69111326773935)
820 (90.137459301709001, -347.82840632008674, -257.69094701837776)
821 (89.892815304238738, -347.58358479451175, -257.690769490273)
822 (89.632819382871773, -347.32339436373405, -257.69057498086227)
823 (89.360729659487589, -347.05096114947565, -257.69023148998804)
824 (89.079805539148012, -346.76955840201879, -257.68975286287076)
825 (88.793228300754237, -346.48287328072871, -257.68964497997445)
826 (88.503880974685927, -346.1933754171086, -257.68949444242264)
827 (88.214567105465179, -345.90387774739781, -257.68931064193265)
828 (87.928417966786, -345.61752541034673, -257.68910744356072)
829 (87.648830085315836, -345.33775644589895, -257.68892636058308)
830 (87.379306271643969, -345.06805212152085, -257.68874584987691)
831 (87.12313471225697, -344.81166031202469, -257.68852559976773)
832 (86.883958164568966, -344.57222352199022, -257.68826535742124)
833 (86.665617470545172, -344.35359171422158, -257.68797424367642)
834 (86.470747178617714, -344.15864658808778, -257.68789940947005)
835 (86.301323590779731, -343.98908362936908, -257.68776003858932)
836 (86.159618893974653, -343.84725561112469, -257.68763671715004)
837 (86.047669958245251, -343.73521089362117, -257.68754093537592)
838 (85.967258024906101, -343.65483642585889, -257.68757840095282)
839 (85.919522588203066, -343.60707558250499, -257.68755299430194)
840 (85.904922289000197, -343.59250804222722, -257.68758575322704)
841 (85.924581006427843, -343.61205493274156, -257.68747392631371)
842 (85.978581713566768, -343.66601577561227, -257.6874340620455)
843 (86.064989995198246, -343.75256162797206, -257.68757163277382)
844 (86.181655929098525, -343.86936988817592, -257.68771395907743)
845 (86.326425943351765, -344.01430628104208, -257.68788033769033)
846 (86.496823909047293, -344.18488604434054, -257.68806213529325)
847 (86.690077071350245, -344.37831977117906, -257.68824269982883)
848 (86.902961998771872, -344.59141377690185, -257.68845177813)
849 (87.131972429681824, -344.8206551113924, -257.68868268171059)
850 (87.373617875294755, -345.0625722703744, -257.68895439507963)
851 (87.624521090506207, -345.31394800150963, -257.68942691100341)
852 (87.881222066492953, -345.57094890174841, -257.68972683525544)
853 (88.140053013397463, -345.82993090351215, -257.6898778901147)
854 (88.397589917129622, -346.08777027223005, -257.69018035510044)
855 (88.651284849585323, -346.34160213187766, -257.69031728229231)
856 (88.898445923855306, -346.58889633309212, -257.6904504092368)
857 (89.136373046534885, -346.82695158702529, -257.69057854049038)
858 (89.363679917833423, -347.05434025711594, -257.69066033928254)
859 (89.5796175515692, -347.27026165649204, -257.69064410492285)
860 (89.78367906858935, -347.47443790710918, -257.69075883851986)
861 (89.975443570323137, -347.66615430305046, -257.69071073272733)
862 (90.155936662768084, -347.84619615832952, -257.69025949556146)
863 (90.326114581175133, -348.01625593524767, -257.69014135407252)
864 (90.48674720020567, -348.17656314748797, -257.68981594728228)
865 (90.639445823172707, -348.32912369858923, -257.68967787541652)
866 (90.785869778594062, -348.47537801909687, -257.68950824050279)
867 (90.928034874322108, -348.61737741294348, -257.68934253862136)
868 (91.067868305232381, -348.757057514807, -257.68918920957464)
869 (91.208028757733018, -348.89662485377795, -257.68859609604493)
870 (91.350484974395101, -349.03894820099077, -257.68846322659567)
871 (91.496494351993178, -349.18485630076458, -257.68836194877139)
872 (91.647734434402139, -349.33603446501382, -257.68830003061169)
873 (91.805397548884557, -349.49364190757422, -257.68824435868964)
874 (91.97027911390299, -349.65853557314699, -257.68825645924403)
875 (92.142846291261634, -349.83111649709571, -257.6882702058341)
876 (92.323117592122259, -350.01143912372646, -257.68832153160417)
877 (92.510743239501494, -350.19913716548939, -257.6883939259879)
878 (92.704979658417173, -350.39346146079356, -257.68848180237637)
879 (92.904645756349069, -350.59308736516533, -257.68844160881628)
880 (93.108537879310418, -350.79726245344943, -257.68872457413903)
881 (93.315204298810997, -351.00456810450578, -257.68936380569477)
882 (93.522020140299915, -351.21153960366775, -257.68951946336784)
883 (93.726291056934244, -351.41583941387086, -257.6895483569366)
884 (93.925666319146202, -351.61539603534328, -257.68972971619706)
885 (94.117729827178991, -351.80759181406654, -257.68986198688754)
886 (94.300054769602809, -351.99006723284242, -257.69001246323961)
887 (94.470351885144211, -352.1603468169223, -257.68999493177807)
888 (94.626589340361107, -352.31670263708276, -257.69011329672162)
889 (94.766753402853936, -352.45705680993188, -257.69030340707798)
890 (94.889099801941654, -352.57948287976751, -257.69038307782586)
891 (94.992499515726195, -352.68273729714588, -257.69023778141968)
892 (95.07595385561892, -352.7662978374276, -257.69034398180867)
893 (95.138380280748848, -352.8287589872748, -257.69037870652596)
894 (95.179152194719009, -352.86947972512144, -257.69032753040244)
895 (95.197707259764798, -352.88802937733561, -257.69032211757082)
896 (95.193698870690326, -352.88402657206808, -257.69032770137778)
897 (95.167227852685073, -352.85752116722546, -257.69029331454038)
898 (95.118649834025391, -352.80896226405326, -257.69031243002786)
899 (95.048362880135443, -352.73868093651657, -257.6903180563811)
900 (94.957006253138104, -352.64739837599672, -257.69039212285861)
901 (94.845283124646997, -352.53555759424228, -257.69027446959529)
902 (94.713720705549505, -352.40392572798305, -257.69020502243353)
903 (94.562991575553454, -352.25312964367117, -257.69013806811773)
904 (94.394047474219221, -352.08426727684474, -257.69021980262551)
905 (94.207768400218868, -351.89795051443537, -257.6901821142165)
906 (94.005026595247074, -351.69521752031932, -257.69019092507222)
907 (93.786872955725087, -351.47703215616798, -257.69015920044291)
908 (93.554144365268641, -351.24426406869804, -257.69011970342939)
909 (93.307795514621276, -350.99802799828774, -257.69023248366648)
910 (93.049071617390737, -350.73931712503747, -257.69024550764675)
911 (92.778979644152216, -350.46919277952145, -257.69021313536922)
912 (92.498365072072048, -350.18859722018823, -257.69023214811619)
913 (92.208424148770675, -349.8988546417105, -257.69043049293981)
914 (91.910646224896396, -349.60094043405405, -257.69029420915763)
915 (91.60629198508623, -349.29641704974932, -257.69012506466311)
916 (91.296180270244861, -348.98622763677463, -257.69004736652977)
917 (90.981977825227148, -348.67220139819312, -257.69022357296598)
918 (90.666047499109766, -348.35626815093343, -257.69022065182367)
919 (90.349678370212516, -348.03978491810255, -257.69010654789003)
920 (90.034843772216234, -347.72506766591397, -257.69022389369775)
921 (89.723833633293552, -347.41385940155737, -257.69002576826381)
922 (89.418574261515033, -347.10858409617481, -257.6900098346598)
923 (89.121489142627354, -346.81140752882021, -257.68991838619286)
924 (88.835545858302993, -346.52490428782454, -257.68935842952158)
925 (88.56322352532213, -346.25246616919424, -257.68924264387209)
926 (88.306319424380618, -345.99541374831477, -257.68909432393417)
927 (88.067690109744134, -345.75680707993428, -257.68911697019013)
928 (87.849552186814662, -345.53856037369343, -257.68900818687877)
929 (87.653305925385425, -345.34222018569261, -257.68891426030717)
930 (87.480432615986075, -345.16924565184559, -257.68881303585954)
931 (87.332005993976452, -345.02080679061953, -257.68880079664308)
932 (87.208930950439765, -344.89776240706379, -257.68883145662403)
933 (87.111664712375244, -344.80056547725945, -257.68890076488424)
934 (87.039898044406755, -344.72885692437529, -257.68895887996854)
935 (86.993138030911624, -344.6821534127659, -257.68901538185429)
936 (86.970894350800933, -344.66023202824834, -257.68933767744738)
937 (86.971771432172929, -344.66123506958758, -257.68946363741463)
938 (86.993911801518564, -344.68352510071406, -257.68961329919551)
939 (87.035987841875681, -344.72575978361897, -257.68977194174329)
940 (87.096420407871392, -344.78621996113878, -257.68979955326739)
941 (87.173399692675815, -344.86332090323992, -257.68992121056408)
942 (87.265791265987332, -344.95585903835661, -257.69006777236928)
943 (87.372715309395446, -345.06282625162038, -257.69011094222492)
944 (87.49327270863057, -345.18341090225601, -257.69013819362544)
945 (87.627472146973659, -345.31758642327998, -257.6901142763063)
946 (87.77593082900556, -345.46598410529481, -257.69005327628923)
947 (87.939628665223054, -345.62958433606974, -257.6899556708467)
948 (88.120823208944458, -345.81071072150542, -257.68988751256097)
949 (88.322068272056129, -346.01179261496969, -257.68972434291356)
950 (88.545202330329403, -346.23475211236223, -257.68954978203283)
951 (88.792364657774584, -346.48174148920481, -257.6893768314302)
952 (89.066286000929622, -346.7555272171295, -257.68924121619989)
953 (89.369297723099166, -347.05844955053044, -257.68915182743126)
954 (89.702932177033659, -347.39159693311785, -257.68866475608422)
955 (90.067567332358593, -347.75628610623983, -257.68871877388125)
956 (90.4624942633735, -348.151227716893, -257.68873345351949)
957 (90.886657832341598, -348.57564252246056, -257.68898469011896)
958 (91.337711352296182, -349.02686151192279, -257.68915015962659)
959 (91.812678815662693, -349.50186987512569, -257.68919105946298)
960 (92.307629538055309, -349.99708189593423, -257.68945235787891)
961 (92.817573101545989, -350.50728887451641, -257.68971577297043)
962 (93.337577156060632, -351.02764200348867, -257.69006484742806)
963 (93.862250130534392, -351.55262262101803, -257.69037249048364)
964 (94.3861314259034, -352.07680707196675, -257.69067564606337)
965 (94.904131716455524, -352.59518139192818, -257.69104967547264)
966 (95.411074608944247, -353.10240102638329, -257.69132641743903)
967 (95.902063273193448, -353.59378061363509, -257.69171734044164)
968 (96.372533330696669, -354.06438554048708, -257.6918522097904)
969 (96.8179194006362, -354.5099650897518, -257.69204568911562)
970 (97.23420926711934, -354.92635295743605, -257.6921436903167)
971 (97.617496661801994, -355.30982980082234, -257.69233313902032)
972 (97.964314098043133, -355.65678978992679, -257.69247569188366)
973 (98.271511602721986, -355.96415500540303, -257.69264340268103)
974 (98.5360135406127, -356.22879748914067, -257.69278394852796)
975 (98.755243211141845, -356.44814838650291, -257.69290517536103)
976 (98.927086205934714, -356.62007228495503, -257.69298607902033)
977 (99.050005911859074, -356.7430334233116, -257.69302751145256)
978 (99.122615747402634, -356.81569001307275, -257.69307426567013)
979 (99.144327415892633, -356.8370869447424, -257.69275952884976)
980 (99.114941605716425, -356.80763514321217, -257.69269353749576)
981 (99.034688702943129, -356.72733980946037, -257.69265110651725)
982 (98.904748001956051, -356.59740515241162, -257.6926571504556)
983 (98.726503720645425, -356.41900186323284, -257.6924981425874)
984 (98.502289472223268, -356.19449959651297, -257.69221012428972)
985 (98.235367929048522, -355.92726355653008, -257.69189562748159)
986 (97.929941955537814, -355.62173287348554, -257.69179091794774)
987 (97.590504328033944, -355.28203032421834, -257.6915259961844)
988 (97.221918442550333, -354.91290212946058, -257.69098368691027)
989 (96.829759225118451, -354.52032956358232, -257.69057033846389)
990 (96.420080662756988, -354.11030517165824, -257.69022450890122)
991 (95.999033778406613, -353.68884746775024, -257.68981368934362)
992 (95.572987594660731, -353.262657479219, -257.68966988455827)
993 (95.148274266175662, -352.83754804298979, -257.68927377681416)
994 (94.730852501870771, -352.41980448127248, -257.68895197940174)
995 (94.326892702145713, -352.01556996920198, -257.68867726705628)
996 (93.941816862532008, -351.63017958990622, -257.68836272737423)
997 (93.580475498359959, -351.2685487712854, -257.68807327292541)
998 (93.247714890231606, -350.93547384409402, -257.68775895386239)
999 (92.947282628591637, -350.6348804923083, -257.68759786371663)
