0 (69.888000000000034, -327.54587844028083, -257.6578784402808)
1 (66.911784927305476, -324.83580518261607, -257.92402025531061)
2 (58.187927491075342, -316.01252335744749, -257.82459586637214)
3 (45.536776479588141, -303.09621330617108, -257.55943682658295)
4 (33.341581518011495, -290.54426802911689, -257.20268651110541)
5 (26.723804531354819, -283.77761610032189, -257.05381156896709)
6 (27.739796306004763, -284.99253134393041, -257.25273503792562)
7 (33.74351701382875, -291.30014061970286, -257.55662360587411)
8 (40.298484435198347, -298.01245693513653, -257.71397249993817)
9 (44.724949221367993, -302.41281103451377, -257.68786181314579)
10 (47.08460602664664, -304.63445996810464, -257.54985394145797)
11 (49.18739855279938, -306.59378076916312, -257.40638221636374)
12 (53.079218708375464, -310.41203232479063, -257.33281361641514)
13 (59.83888888096881, -317.1971287944545, -257.3582399134857)
14 (69.077816298128241, -326.53531500066481, -257.45749870253655)
15 (79.313469376964903, -336.88910064350529, -257.57563126654037)
16 (88.748519049108879, -346.40933549128016, -257.66081644217127)
17 (95.867809205204779, -353.60324298000342, -257.73543377479865)
18 (99.567404328839729, -357.36641565967051, -257.79901133083081)
19 (99.192479415269815, -357.01445295512764, -257.82197353985782)
20 (95.230760752843167, -352.93933006931252, -257.70856931646938)
21 (90.161895959291527, -347.6507641529339, -257.48886819364236)
22 (87.456694065057647, -344.91340458528697, -257.45671052022931)
23 (87.758174118392191, -345.46003350365601, -257.70185938526379)
24 (88.480155678506847, -346.24054657745313, -257.7603908989463)
25 (88.287377383966046, -346.03255243735282, -257.74517505338679)
26 (87.252907882078247, -345.00577800701916, -257.7528701249409)
27 (85.526096597271334, -343.26245243356743, -257.73635583629607)
28 (83.409451165730047, -341.15320137905161, -257.74375021332156)
29 (80.986230696481172, -338.73649411251012, -257.75026341602893)
30 (78.65028859130318, -336.2659906576996, -257.61570206639641)
31 (78.12818876480975, -335.66674058532459, -257.53855182051484)
32 (79.954740363283136, -337.71895417510001, -257.76421381181689)
33 (81.671137407616712, -339.49800735563321, -257.82686994801651)
34 (82.433749242727345, -340.0734986640839, -257.63974942135656)
35 (83.655372741135878, -341.38208286569181, -257.72671012455595)
36 (84.40756223132918, -342.27200583745451, -257.86444360612535)
37 (82.828663105414961, -340.66487394161391, -257.83621083619892)
38 (79.833047613157376, -337.36297950878469, -257.52993189562733)
39 (79.615154008570443, -336.98326807474501, -257.3681140661746)
40 (83.689807308328696, -341.45993308480689, -257.77012577647821)
41 (87.584908589558609, -345.52537355781033, -257.94046496825172)
42 (88.18337915206547, -346.00656051509316, -257.82318136302769)
43 (86.271572598584484, -344.00033326010924, -257.72876066152475)
44 (83.317396762927288, -341.00480421544142, -257.68740745251415)
45 (80.307383235619398, -337.96567500092391, -257.65829176530451)
46 (78.003862561723551, -335.6491734575315, -257.64531089580794)
47 (77.234933683849718, -334.80066098746391, -257.56572730361421)
48 (79.525988505604502, -336.97220475168507, -257.44621624608055)
49 (85.847813736152347, -343.456472139303, -257.60865840315068)
50 (93.740573862479451, -351.64001876773716, -257.89944490525772)
51 (98.654612672378974, -356.76044487097965, -258.10583219860069)
52 (97.711970273978977, -355.69803843270716, -257.98606815872819)
53 (92.567462864560554, -350.23265885435598, -257.66519598979539)
54 (87.260458433753541, -344.82888040202755, -257.56842196827404)
55 (83.515363991708881, -341.15822532482582, -257.64286133311691)
56 (80.325441896780049, -338.11280235206425, -257.78736045528422)
57 (76.152231281463983, -333.89817043641136, -257.74593915494739)
58 (72.032989742603121, -329.50129561569986, -257.46830587309671)
59 (71.731452424483109, -329.07852035247595, -257.34706792799284)
60 (76.444562585021259, -334.12519013338033, -257.6806275483591)
61 (82.076579771265443, -339.99398428489974, -257.91740451363432)
62 (84.908530973235997, -342.78814854051137, -257.87961756727537)
63 (84.882781713197332, -342.64190251957484, -257.7591208063775)
64 (83.557283394640891, -341.28036181665442, -257.72307842201354)
65 (82.279949892930432, -339.87998286976477, -257.60003297683431)
66 (82.856230432798071, -340.41801872185243, -257.56178828905433)
67 (85.296826459702913, -343.09360864084624, -257.79678218114333)
68 (86.646669191755549, -344.53444258558608, -257.88777339383051)
69 (85.180024395302368, -343.0054554144649, -257.82543101916252)
70 (82.105476316822177, -339.71144351837671, -257.60596720155456)
71 (80.843683752564701, -338.27290256825637, -257.42921881569168)
72 (84.025745241470005, -341.51594390282139, -257.49019866135137)
73 (90.436331086048298, -348.21805827569034, -257.78172718964203)
74 (96.061055663339729, -353.9356006933985, -257.87454503005875)
75 (98.766508265416505, -356.53869455191642, -257.7721862864999)
76 (99.205098205206028, -356.89386862107403, -257.68877041586802)
77 (98.248647208394189, -355.9503220597876, -257.70167485139342)
78 (95.894478887573555, -353.60671508800516, -257.71223620043162)
79 (92.151589383692794, -349.82569464591006, -257.67410526221727)
80 (87.918287322061516, -345.48845041237439, -257.57016309031286)
81 (84.964943986353191, -342.43274847330247, -257.46780448694926)
82 (84.688668220948642, -342.18907194881581, -257.50040372786714)
83 (86.559250635438218, -344.22622948106175, -257.66697884562353)
84 (88.257493660172997, -346.07487869952314, -257.81738503935014)
85 (87.733581345070846, -345.52448180889758, -257.79090046382674)
86 (85.254633817574941, -342.90480433443088, -257.65017051685595)
87 (82.464311257490365, -340.12460434585768, -257.66029308836733)
88 (79.76657957459912, -337.4417382143356, -257.67515863973648)
89 (77.361918091395523, -334.94695516506448, -257.58503707366896)
90 (76.113006473108484, -333.75423332556466, -257.64122685245616)
91 (75.714048561240105, -333.39997456798039, -257.68592600674026)
92 (75.692764442944849, -333.33551430708718, -257.64274986414233)
93 (76.228721421625053, -333.92612002259739, -257.69739860097235)
94 (76.693595332430505, -334.49017190843739, -257.79657657600688)
95 (76.227661377050467, -333.96342973524628, -257.7357683581958)
96 (75.820410491536478, -333.39255633872347, -257.57214584718702)
97 (77.398638941856518, -334.94235642721151, -257.54371748535499)
98 (81.240622326902013, -338.85670011831905, -257.61607779141707)
99 (85.910482494627729, -343.63710532989012, -257.72662283526239)
100 (89.305759654541859, -347.12024100046307, -257.81448134592119)
101 (89.975226334885576, -347.74077090027498, -257.7655445653894)
102 (88.485024993379653, -346.10300032709483, -257.61797533371521)
103 (86.850921476378872, -344.35064472084497, -257.49972324446611)
104 (86.741538305773489, -344.24624902220029, -257.50471071642681)
105 (88.094995803060982, -345.7214911127648, -257.62649530970384)
106 (89.271982482290525, -346.99679062345064, -257.72480814116011)
107 (88.873238199898736, -346.56240425837552, -257.68916605847676)
108 (87.349828888914459, -344.88645303063964, -257.53662414172516)
109 (86.64295018129549, -344.07913274059797, -257.43618255930249)
110 (87.984809200588614, -345.48702383947608, -257.50221463888749)
111 (90.616822002049233, -348.23114633550858, -257.61432433345936)
112 (92.844668399082792, -350.56177966351879, -257.71711126443597)
113 (93.179243970913078, -350.95598767909763, -257.77674370818454)
114 (91.130510702666271, -348.83444987194389, -257.70393916927765)
115 (88.082741519336977, -345.62099252250215, -257.53825100316516)
116 (86.610981260825923, -344.05381287781296, -257.44283161698706)
117 (88.03881535134353, -345.60201579482219, -257.56320044347865)
118 (90.787754594739994, -348.54458703094116, -257.75683243620119)
119 (92.248620374397731, -350.03914407308179, -257.79052369868407)
120 (91.770718520832943, -349.45323964434289, -257.68252112350996)
121 (90.707534337514275, -348.30533524259243, -257.59780090507815)
122 (90.229796766762576, -347.85713141748164, -257.62733465071904)
123 (90.320715527948821, -347.95192111529019, -257.63120558734136)
124 (90.792956014188562, -348.44530516422913, -257.65234915004055)
125 (91.232081559086936, -348.9582068733497, -257.72612531426273)
126 (90.681381123372432, -348.49137477635486, -257.80999365298243)
127 (88.677229691233151, -346.39839164238379, -257.72116195115063)
128 (86.806692353630254, -344.51302104932864, -257.7063286956984)
129 (85.279609557123351, -343.13167075213636, -257.85206119501299)
130 (83.180650834653989, -340.76303599928042, -257.58238516462643)
131 (83.389282306137844, -340.77529685515589, -257.38601454901806)
132 (88.059234743250443, -345.6153830521867, -257.55614830893626)
133 (94.744555117699946, -352.54915716372329, -257.80460204602332)
134 (99.376352309809064, -357.28687495052213, -257.91052264071305)
135 (99.726880506913744, -357.6162725188118, -257.88939201189805)
136 (95.794550987776717, -353.58065713480067, -257.78610614702393)
137 (89.445500628942057, -347.02803609452997, -257.58253546558791)
138 (83.91693893886746, -341.35559764753435, -257.43865870866688)
139 (81.638702591555472, -339.10624384637777, -257.46754125482232)
140 (82.806269686243567, -340.38399695637571, -257.57772727013213)
141 (85.661440567824769, -343.43622881045104, -257.7747882426263)
142 (87.55954608886988, -345.34640933284174, -257.78686324397188)
143 (87.723193511293985, -345.39589692916121, -257.67270341786724)
144 (87.234127434803511, -344.82314594579395, -257.58901851099046)
145 (86.999690124545808, -344.61296831334579, -257.6132781888)
146 (86.760752042066571, -344.44454852048926, -257.68379647842266)
147 (85.695844766337345, -343.43572946936763, -257.73988470303027)
148 (83.359844042243012, -341.06127341125477, -257.70142936901175)
149 (80.983869439289876, -338.45175431754791, -257.46788487825802)
150 (81.594932164603719, -339.00072210786806, -257.40578994326432)
151 (85.54928649421862, -343.2823272678267, -257.73304077360808)
152 (88.765640506746919, -346.6785566129613, -257.91291610621437)
153 (88.370694827379396, -346.16775268664423, -257.79705785926484)
154 (85.591963763295681, -343.15638253257151, -257.56441876927585)
155 (83.502537021208937, -340.9659306696766, -257.46339364846767)
156 (83.627616236699168, -341.18917173301031, -257.56155549631114)
157 (84.928832617889938, -342.62532922795009, -257.69649661006014)
158 (85.548124664098594, -343.32450434773233, -257.77637968363376)
159 (84.467091151383514, -342.22355672685836, -257.75646557547486)
160 (82.171206701165758, -339.82722321394232, -257.65601651277655)
161 (80.225107895958018, -337.81013232394463, -257.58502442798658)
162 (79.607652620287126, -337.26140107066755, -257.65374845038042)
163 (79.771518398321192, -337.45816684972942, -257.68664845140825)
164 (80.363092529758163, -338.01455800356445, -257.6514654738063)
165 (81.447350069921015, -339.16191471308537, -257.71456464316435)
166 (82.382741840690926, -340.08594327044915, -257.70320142975822)
167 (83.033319017328523, -340.68609887015072, -257.65277985282216)
168 (83.848370187385115, -341.49649466536846, -257.64812447798334)
169 (84.837696233370693, -342.52793029900386, -257.69023406563315)
170 (85.440149454162679, -343.18149232355785, -257.74134286939517)
171 (85.144363640413971, -342.87124767112681, -257.72688403071282)
172 (84.222824937127584, -341.88503594245725, -257.66221100532965)
173 (83.705358195102733, -341.27561910101764, -257.57026090591489)
174 (84.739322237930878, -342.29016645056635, -257.55084421263547)
175 (87.440515285283425, -345.048824471069, -257.60830918578557)
176 (90.559186774433016, -348.29175972076979, -257.73257294633675)
177 (91.972671978626678, -349.79627350521503, -257.82360152658833)
178 (90.155265705133175, -347.9339315063454, -257.77866580121224)
179 (85.608428499158677, -343.24840168782936, -257.63997318867069)
180 (80.507548481556327, -337.99691555021104, -257.4893670686547)
181 (77.509882671972591, -334.88407560130332, -257.37419292933072)
182 (78.363997122999038, -335.78872391395311, -257.42472679095408)
183 (82.431677462632862, -340.01556808345777, -257.58389062082489)
184 (87.470563855667791, -345.13653468347906, -257.66597082781129)
185 (91.894298583435997, -349.55864185649449, -257.66434327305848)
186 (95.206847878326158, -352.87485340508925, -257.66800552676307)
187 (96.969863659117209, -354.70142922712762, -257.73156556801041)
188 (96.341970325470101, -354.09540888446486, -257.75343855899473)
189 (93.310664909977874, -350.94181406071647, -257.63114915073857)
190 (89.766109928847925, -347.22638009129656, -257.46027016244864)
191 (88.072750119223528, -345.5224210026629, -257.44967088343935)
192 (88.539930811271205, -346.1306652614943, -257.59073445022307)
193 (89.469925821328516, -347.15526359708298, -257.68533777575448)
194 (89.488475508870721, -347.1526997720519, -257.66422426318115)
195 (88.726368629016306, -346.31771416165532, -257.59134553263902)
196 (88.105731015086974, -345.6353453221754, -257.52961430708842)
197 (88.488380389177635, -345.99050283992631, -257.50212245074869)
198 (90.073327090210825, -347.65918925083503, -257.58586216062417)
199 (91.56095655919124, -349.31674816221829, -257.75579160302703)
200 (90.831033219492141, -348.62542276259205, -257.7943895430999)
201 (87.691365902141612, -345.28703770952058, -257.59567180737895)
202 (84.894137562319315, -342.31394134116346, -257.41980377884414)
203 (84.602556021307507, -342.1435060760079, -257.54095005470037)
204 (85.570820891813881, -343.2582871933464, -257.68746630153254)
205 (85.688292596015174, -343.43689746369608, -257.74860486768091)
206 (83.989795006269375, -341.73015499687347, -257.74035999060408)
207 (81.289759132962757, -338.83800379482665, -257.54824466186392)
208 (80.465466590471038, -337.87316239565359, -257.40769580518258)
209 (83.340496931797688, -340.88102540495214, -257.54052847315444)
210 (88.059889330305211, -345.8393692443039, -257.77947991399867)
211 (91.087708573562637, -348.99176195994454, -257.90405338638192)
212 (90.600610833282801, -348.38888765742439, -257.78827682414158)
213 (88.37227869187862, -345.88168761599104, -257.50940892411245)
214 (87.83498890045594, -345.35417352619993, -257.519184625744)
215 (88.971234945856949, -346.77097695748165, -257.79974201162469)
216 (88.183273199738963, -346.16277442357557, -257.97950122383662)
217 (83.562555950186592, -341.31576185199526, -257.75320590180866)
218 (78.713032384656529, -336.07564924072102, -257.36261685606451)
219 (78.248401407290402, -335.79106677301519, -257.54266536572482)
220 (81.341079420294932, -338.91470240224038, -257.57362298194545)
221 (86.359873252067516, -343.9927815343579, -257.63290828229037)
222 (91.552728941593287, -349.35914445067721, -257.80641550908393)
223 (94.255011786188504, -352.08888661511207, -257.83387482892357)
224 (93.513030655779559, -351.27641144811088, -257.7633807923313)
225 (90.322512954061779, -347.94316460688287, -257.6206516528211)
226 (87.121255336595993, -344.55327086322052, -257.43201552662453)
227 (86.175635959440072, -343.71736518036391, -257.54172922092386)
228 (86.239029036128798, -344.03290541710237, -257.79387638097359)
229 (84.362891023251805, -342.15540640712697, -257.79251538387518)
230 (80.765606874830496, -338.29717575730723, -257.53156888247673)
231 (79.007133487425818, -336.34577019546714, -257.33863670804135)
232 (81.842315029247047, -339.25530595296277, -257.41299092371571)
233 (88.004584394952559, -345.75546889523895, -257.75088450028636)
234 (92.788989797712929, -350.79172857577532, -258.00273877806239)
235 (92.557739229752841, -350.48131438997314, -257.92357516022031)
236 (88.503331972392132, -346.05385785587669, -257.55052588348457)
237 (85.374447911940933, -342.78413559171872, -257.40968767977779)
238 (85.362342364630067, -342.89802347044076, -257.53568110581068)
239 (87.156688838354825, -344.72703579645702, -257.57034695810216)
240 (89.585570683039251, -347.23620294941566, -257.65063226637642)
241 (91.55444652181545, -349.25872841944033, -257.70428189762487)
242 (92.535046634414897, -350.18506615714375, -257.65001952272883)
243 (92.861791407758801, -350.5492149899809, -257.6874235822221)
244 (92.270606466730584, -349.9437790860556, -257.67317261932499)
245 (90.894151397857598, -348.47338440955258, -257.57923301169501)
246 (89.675046813050187, -347.22065841750049, -257.5456116044503)
247 (89.075273335732376, -346.61872504818052, -257.54345171244813)
248 (89.094091438995306, -346.64526120703573, -257.55116976804044)
249 (89.66123875924194, -347.21937146850433, -257.5581327092624)
250 (90.655080079146742, -348.25366219080962, -257.59858211166289)
251 (91.507141457559555, -349.17942119466244, -257.67227973710288)
252 (91.262651344602858, -348.99112138871834, -257.72847004411551)
253 (89.317530882303217, -347.03295564189307, -257.71542475958984)
254 (86.237994191439924, -343.83612436002596, -257.59813016858607)
255 (83.885399135487461, -341.40414892969613, -257.5187497942087)
256 (83.820499210129185, -341.31156209932249, -257.4910628891933)
257 (86.308731621433949, -343.9216249666257, -257.61289334519176)
258 (89.330308419069226, -347.14292663018983, -257.81261821112059)
259 (90.310977456632926, -348.02587881741692, -257.71490136078398)
260 (90.278740328344909, -347.71486707714934, -257.43612674880444)
261 (92.317492723715404, -349.75463493071084, -257.43714220699542)
262 (96.451352368228314, -354.10657322894139, -257.65522086071309)
263 (99.788957959205376, -357.5742616588451, -257.78530369963971)
264 (100.13704011448961, -357.93986691538908, -257.80282680089948)
265 (97.274068011845259, -354.97150407957201, -257.69743606772676)
266 (92.973711122520044, -350.49501695233414, -257.52130582981408)
267 (89.898800250607721, -347.35221538036978, -257.45341512976205)
268 (89.326228152554648, -346.85685112552636, -257.53062297297174)
269 (90.506164955294835, -348.1219345078033, -257.61576955250848)
270 (92.345048093066907, -349.96774131045845, -257.62269321739154)
271 (94.434371582087195, -352.08788705154734, -257.65351546946016)
272 (96.021153295275013, -353.79363759040376, -257.77248429512872)
273 (95.529305656790342, -353.36212800859971, -257.83282235180934)
274 (92.493084886434531, -350.18151377279577, -257.68842888636124)
275 (89.240106544906666, -346.73955175595563, -257.49944521104896)
276 (88.012046587071666, -345.62296990529836, -257.6109233182267)
277 (88.204608752043725, -345.79924538321956, -257.59463663117583)
278 (89.359950393402286, -346.96865412894869, -257.60870373554638)
279 (90.970008604498162, -348.6944963184269, -257.72448771392874)
280 (91.421360302967486, -349.28005894647958, -257.85869864351207)
281 (89.472207859568783, -347.23082355841956, -257.7586156988508)
282 (88.634875657815911, -345.74830644021984, -257.11343078240395)
283 (94.909667631704835, -352.52155071032695, -257.6118830786221)
284 (103.78952054840055, -361.70716945986271, -257.91764891146215)
285 (109.04022371562816, -366.96527390905794, -257.9250501934298)
286 (109.09978541774741, -367.01969190676766, -257.91990648902026)
287 (104.481279963056, -362.21754085898039, -257.73626089592437)
288 (98.268871558540425, -355.79414171713972, -257.52527015859931)
289 (93.360998501982081, -351.01996086118749, -257.65896235920542)
290 (89.655298982063755, -347.25569550757461, -257.60039652551086)
291 (88.046655232784062, -345.49039657962567, -257.44374134684159)
292 (89.991618376182259, -347.56349425242217, -257.57187587623991)
293 (93.685241990506753, -351.45946585085341, -257.77422386034664)
294 (96.0582926452186, -353.85873750133112, -257.80044485611251)
295 (95.76956318303148, -353.61031688922958, -257.84075370619809)
296 (92.217500694501481, -350.10359235379752, -257.88609165929603)
297 (85.922259713385799, -343.55649413119909, -257.63423441781327)
298 (81.175641217076432, -338.5039500646601, -257.32830884758368)
299 (81.129357110667385, -338.82686725646801, -257.69751014580061)
300 (82.10919475651518, -339.97514274219668, -257.86594798568149)
301 (81.213106723099244, -338.94851645278334, -257.73540972968408)
302 (79.964750541395148, -337.48541928845509, -257.52066874705997)
303 (80.968794618374048, -338.53721012129006, -257.56841550291603)
304 (84.061697329100525, -341.7321093974557, -257.67041206835518)
305 (87.622664082180577, -345.29845350378832, -257.67578942160776)
306 (90.879806687893264, -348.50919359548067, -257.62938690758739)
307 (93.795835537976217, -351.42046588217607, -257.62463034419989)
308 (95.914413223788813, -353.650764433821, -257.73635121003218)
309 (95.776149913398996, -353.61089751553629, -257.83474760213733)
310 (92.678317862971596, -350.37003980587605, -257.69172194290445)
311 (89.054727706570603, -346.53656384962585, -257.48183614305526)
312 (87.307310978323613, -344.96840517017762, -257.66109419185398)
313 (85.884498665406795, -343.61579410105151, -257.73129543564471)
314 (83.297841722554622, -340.98568009064047, -257.68783836808586)
315 (80.079726462667935, -337.65037100453799, -257.57064454187002)
316 (78.286945401630646, -335.68038690287347, -257.39344150124282)
317 (79.851055637839593, -337.38314366156607, -257.53208802372649)
318 (83.045463669615643, -340.84458268456495, -257.79911901494933)
319 (84.421194698506596, -342.23757678973834, -257.81638209123173)
320 (83.428552042437772, -341.05482169407907, -257.62626965164128)
321 (82.579417596162457, -340.02668383712046, -257.44726624095802)
322 (84.049540944924743, -341.59576532936654, -257.54622438444181)
323 (86.674370378410032, -344.42768589542635, -257.75331551701629)
324 (87.586434941202555, -345.45816043384673, -257.87172549264415)
325 (85.078016424942291, -342.95870965188823, -257.88069322694594)
326 (79.967689113700231, -337.6285990872405, -257.66090997354024)
327 (76.418338838242974, -333.77280881137938, -257.35446997313642)
328 (78.696142132586914, -336.23071539734207, -257.53457326475518)
329 (84.078252581103442, -342.12610673216051, -258.04785415105709)
330 (86.370316803221527, -344.22191362172606, -257.8515968185045)
331 (86.314512215532972, -343.85286757202533, -257.53835535649239)
332 (86.966557406205084, -344.60217958089231, -257.63562217468723)
333 (87.592193714202637, -345.30747839113485, -257.71528467693224)
334 (87.089496593785697, -344.71791772954299, -257.62842113575732)
335 (86.422930623382641, -343.94631266222365, -257.52338203884102)
336 (86.88224753805666, -344.42896578054354, -257.54671824248686)
337 (88.320201062251186, -345.92547316143481, -257.60527209918359)
338 (89.950582279094718, -347.54264004144648, -257.59205776235177)
339 (91.534822353535446, -349.13060398141261, -257.59578162787716)
340 (92.73362553175096, -350.38621626508564, -257.6525907333347)
341 (93.048885918946368, -350.6693973908142, -257.62051147186781)
342 (92.907340402114912, -350.49001637995434, -257.58267597783941)
343 (92.83454280113574, -350.46251601532117, -257.62797321418543)
344 (92.360758943668984, -350.03798218309674, -257.67722323942775)
345 (90.82570559101778, -348.53510506071581, -257.70939946969804)
346 (87.931231838623347, -345.63389639116878, -257.70266455254546)
347 (84.033914691589203, -341.66079148102551, -257.62687678943632)
348 (80.599715430085382, -338.07505216876024, -257.47533673867486)
349 (79.846645143213038, -337.23711924891978, -257.39047410570674)
350 (82.717163502338863, -340.23410963024446, -257.51694612790561)
351 (87.49814741937108, -345.15578711754267, -257.65763969817158)
352 (91.803361750814432, -349.52253449917697, -257.71917274836255)
353 (94.129949305862411, -351.89455565110183, -257.76460634523943)
354 (93.658394712588617, -351.40945639288992, -257.75106168030129)
355 (90.839705958380009, -348.44492021211863, -257.60521425373861)
356 (87.767782181190839, -345.27161087463418, -257.50382869344332)
357 (85.832499348365332, -343.44828011226036, -257.61578076389503)
358 (84.383955596239829, -342.00565210725915, -257.62169651101931)
359 (83.672500967069269, -341.14669859474128, -257.47419762767203)
360 (85.458814757299336, -342.92421583425602, -257.46540107695671)
361 (89.726140899875674, -347.40469954279536, -257.67855864291971)
362 (93.620571587476519, -351.47239967493897, -257.85182808746242)
363 (94.513273082306441, -352.34489633127686, -257.8316232489704)
364 (92.420532331244061, -350.0948105978282, -257.67427826658411)
365 (89.376097812680968, -346.93305900621516, -257.55696119353422)
366 (87.131689009741208, -344.71406737956124, -257.58237836982005)
367 (85.850924126455695, -343.49747478466867, -257.64655065821296)
368 (85.080886428824599, -342.72404881852583, -257.64316238970122)
369 (84.904317153973665, -342.52249240261585, -257.61817524864216)
370 (85.586030810755801, -343.22260464569285, -257.63657383493705)
371 (86.910417404908273, -344.56999816878493, -257.65958076387665)
372 (88.624450152696411, -346.27327892415519, -257.6488287714588)
373 (90.599431154025581, -348.29879565901922, -257.69936450499364)
374 (92.014110782572118, -349.79770582368684, -257.78359504111472)
375 (91.673698431988726, -349.47846936486502, -257.80477093287629)
376 (89.293082123254834, -347.01620761292236, -257.7231254896675)
377 (86.186583902892778, -343.75271318013768, -257.5661292772449)
378 (84.638401852559113, -342.11366977843136, -257.47526792587223)
379 (85.901539714596154, -343.44331488968936, -257.54177517509322)
380 (89.172250125843448, -346.81109647852321, -257.63884635267976)
381 (92.935443190563916, -350.63119175718572, -257.69574856662177)
382 (95.964723665055843, -353.72532468764359, -257.76060102258776)
383 (97.029499599149503, -354.8616929176448, -257.83219331849529)
384 (95.272463116587588, -353.03144879243013, -257.75898567584255)
385 (91.965463074660647, -349.47371386406542, -257.50825078940477)
386 (90.36176645039545, -347.75563646123453, -257.39387001083907)
387 (91.777620820031757, -349.37314349914442, -257.59552267911266)
388 (93.715004869663233, -351.51375911345519, -257.79875424379196)
389 (93.380435969056634, -351.14879391752282, -257.76835794846619)
390 (90.915700812816823, -348.50745770328587, -257.59175689046901)
391 (88.490114713064685, -345.98867667379665, -257.49856196073199)
392 (87.485801220368614, -345.03228861376891, -257.5464873934003)
393 (87.645411452324183, -345.23379663770493, -257.58838518538073)
394 (88.471882512252193, -346.04572049347951, -257.57383798122731)
395 (89.985529535343673, -347.56695267682625, -257.58142314148256)
396 (91.808914998563097, -349.51543420470801, -257.70651920614489)
397 (92.410125889868226, -350.23478331623551, -257.82465742636725)
398 (90.914963104703233, -348.63028739793435, -257.71532429323111)
399 (88.381034011455668, -346.20470325596341, -257.82366924450776)
400 (84.12002942605379, -342.04194228227698, -257.92191285622317)
401 (78.451921087967094, -335.886468586653, -257.4345474986859)
402 (76.942720984989577, -334.2242431297538, -257.28152214476421)
403 (81.271383180192942, -338.96861218741736, -257.69722900722445)
404 (86.469611217362043, -344.32889211008495, -257.85928089272289)
405 (89.166664749590993, -346.96855342253451, -257.80188867294351)
406 (89.306632624865756, -347.04081696547263, -257.73418434060687)
407 (87.707607025418085, -345.42065762783318, -257.71305060241508)
408 (84.740050676233551, -342.50291317584987, -257.76286249961629)
409 (80.240250533274576, -337.99119148032582, -257.75094094705128)
410 (74.885021489941082, -332.50108191010349, -257.6160604201624)
411 (70.807309253703679, -328.27369618607048, -257.46638693236679)
412 (70.219843992581616, -327.62569687074421, -257.40585287816259)
413 (73.633228278003045, -331.14942454568433, -257.51619626768127)
414 (79.290446763425436, -336.95104707526747, -257.66060031184202)
415 (84.810051402864204, -342.50803057669668, -257.69797917383249)
416 (89.077071765814367, -346.72334646727393, -257.64627470145956)
417 (92.255502386181718, -349.85951888166801, -257.60401649548629)
418 (94.61009677141233, -352.21969456941423, -257.60959779800191)
419 (96.039651230237794, -353.65238538350883, -257.61273415327105)
420 (96.503041630453211, -354.09438885119334, -257.59134722074015)
421 (96.275508211309358, -353.85808490423238, -257.582576692923)
422 (95.575107517321911, -353.18974931840904, -257.61464180108715)
423 (94.05771912099847, -351.75515756048054, -257.69743843948208)
424 (90.889210109066056, -348.65665281668493, -257.7674427076189)
425 (85.637367398318119, -343.35033580327161, -257.71296840495347)
426 (79.639746532091024, -337.1499853544824, -257.51023882239139)
427 (76.042368396497949, -333.37350943607601, -257.33114103957803)
428 (77.340408638554251, -334.73109606332281, -257.39068742476854)
429 (82.592313791395924, -340.25656134430801, -257.66424755291212)
430 (88.003690826033065, -345.85393300830526, -257.85024218227221)
431 (90.474852210931246, -348.32917304139619, -257.85432083046493)
432 (89.419301116340023, -347.18873738001975, -257.76943626367972)
433 (85.882602021937572, -343.56728348143298, -257.68468145949544)
434 (81.294211644426127, -338.88794871080944, -257.59373706638331)
435 (77.224644909913408, -334.71794620823761, -257.49330129832418)
436 (75.291822771219898, -332.73131643604819, -257.43949366482832)
437 (76.431088392325307, -333.90730713924063, -257.47621874691532)
438 (80.069870332716093, -337.69764537511139, -257.62777504239529)
439 (84.205463872623099, -341.93335591486141, -257.7278920422383)
440 (87.228099161124916, -344.95757865355318, -257.72947949242825)
441 (88.626604563954629, -346.38678968626465, -257.76018512231002)
442 (88.241620546124452, -345.94485031314269, -257.70322976701823)
443 (87.257689641377766, -344.79932423771942, -257.54163459634162)
444 (87.323202823399455, -344.99680722919379, -257.67360440579432)
445 (87.069281952279951, -344.9180527270828, -257.84877077480286)
446 (84.393169708644166, -342.1792444648745, -257.78607475623033)
447 (80.214560337200652, -337.7892216442379, -257.57466130703722)
448 (77.557138326687223, -334.99610011338513, -257.43896178669792)
449 (78.600008864839936, -336.03551254451327, -257.43550367967333)
450 (83.126205907625803, -340.73323000858818, -257.60702410096235)
451 (88.498852951834692, -346.28964115282253, -257.79078820098783)
452 (91.740269102767513, -349.58390575127027, -257.84363664850275)
453 (91.584352907262883, -349.40380753016126, -257.81945462289838)
454 (88.60647753565695, -346.26488199691124, -257.65840446125429)
455 (85.429520372516379, -342.8734611929587, -257.44394082044232)
456 (84.813029552985171, -342.32552188180017, -257.51249232881503)
457 (86.373656352780245, -344.02392679643901, -257.65027044365877)
458 (88.113444142846248, -345.82907963384548, -257.71563549099926)
459 (88.81241508189602, -346.5200701124034, -257.7076550305074)
460 (88.337794567051532, -345.99204245417371, -257.65424788712221)
461 (87.458591044402183, -345.03955251437031, -257.58096146996814)
462 (87.292692752652997, -344.84834416784378, -257.55565141519077)
463 (88.188664998583207, -345.83985573328033, -257.65119073469714)
464 (89.069623155928511, -346.81882976800222, -257.74920661207369)
465 (88.781417658563925, -346.5241304504849, -257.74271279192101)
466 (87.435879710716407, -345.11196083239588, -257.67608112167949)
467 (86.007937643230363, -343.63099976898911, -257.62306212575874)
468 (85.276541632465509, -342.93159632769618, -257.65505469523066)
469 (84.933123286698205, -342.67522361250184, -257.74210032580362)
470 (84.104032692891764, -341.82621981692847, -257.72218712403674)
471 (83.367596496699505, -340.91195173299405, -257.54435523629456)
472 (85.022068673714983, -342.47875352145235, -257.45668484773739)
473 (89.772242759982106, -347.44327999750624, -257.67103723752416)
474 (94.780006270277795, -352.63302204627945, -257.85301577600166)
475 (97.024820572770622, -354.89100603264035, -257.86618545986971)
476 (95.866312159107011, -353.62827755116507, -257.76196539205807)
477 (93.115348770941623, -350.64820769725458, -257.53285892631294)
478 (91.640790443221647, -349.20043246772855, -257.5596420245069)
479 (91.492096610361543, -349.19641217451903, -257.70431556415747)
480 (90.915855128722953, -348.60530670388897, -257.689451575166)
481 (89.833457511830858, -347.43988348689993, -257.6064259750691)
482 (89.322247155019681, -346.91692041850888, -257.5946732634892)
483 (89.680437262238428, -347.34508927716911, -257.66465201493065)
484 (90.191809600377752, -347.88118473132386, -257.68937513094613)
485 (90.45896038395604, -348.13967961806003, -257.680719234104)
486 (90.563964233566594, -348.24663327602599, -257.68266904245939)
487 (90.597394057985781, -348.2705339159059, -257.67313985792009)
488 (90.928574102554279, -348.53234468954133, -257.60377058698703)
489 (92.431551254090792, -350.03923651076809, -257.60768525667731)
490 (94.683332800637004, -352.5276545641388, -257.8443217635018)
491 (94.906467847783858, -352.90559428261867, -257.99912643483481)
492 (91.558037321500152, -349.36349464862832, -257.80545732712818)
493 (87.680373203966568, -345.09616198737172, -257.41578878340516)
494 (88.102496995032155, -345.5389310041395, -257.43643400910736)
495 (92.669750892179891, -350.46693151370607, -257.79718062152619)
496 (96.724247910632926, -354.72866740133423, -258.00441949070131)
497 (97.035667929712488, -354.98647816269255, -257.95081023298007)
498 (94.348613650031069, -352.049221480673, -257.70060783064196)
499 (92.386956032628632, -349.87830057967869, -257.49134454705006)
500 (93.94469237688952, -351.5301655108496, -257.58547313396008)
501 (98.089788133591838, -355.83769307145747, -257.74790493786566)
502 (102.21537631702239, -360.07163252210393, -257.85625620508154)
503 (104.4071845045755, -362.28410892549346, -257.87692442091793)
504 (104.04977570282122, -361.89261148638536, -257.84283578356417)
505 (101.51580018415113, -359.29442701106359, -257.77862682691244)
506 (97.878744770753869, -355.55646148873967, -257.67771671798579)
507 (94.80735833141938, -352.36579958642096, -257.55844125500158)
508 (93.852603572721534, -351.42583641368674, -257.5732328409652)
509 (94.801518113281446, -352.52728240776003, -257.72576429447861)
510 (95.430125808974907, -353.39175100990155, -257.96162520092662)
511 (93.354063769695216, -351.26388301326313, -257.90981924356788)
512 (90.342551416320873, -347.93275631109015, -257.59020489476927)
513 (89.792296620844297, -347.57170775056557, -257.77941112972127)
514 (90.517178059323882, -348.32925449844646, -257.81207643912256)
515 (90.792509217996681, -348.71524559974699, -257.92273638175033)
516 (89.03540953316201, -347.02181588826323, -257.98640635510122)
517 (84.602112606122958, -342.46374881224517, -257.86163620612223)
518 (79.480622781115642, -337.09541565866073, -257.61479287754509)
519 (77.287983245457298, -334.73067991490274, -257.44269666944547)
520 (80.103963089423871, -337.69685828872616, -257.59289519930229)
521 (85.666656435384112, -343.56484658336797, -257.89819014798388)
522 (89.362319838770205, -347.42791345191483, -258.06559361314464)
523 (88.510771188972143, -346.46324739566251, -257.95247620669033)
524 (84.80433489629452, -342.44898293714402, -257.64464804084952)
525 (81.760686821196231, -339.49293229124771, -257.73224547005145)
526 (79.61176514362316, -337.31163444454722, -257.69986930092409)
527 (79.121685889274204, -336.58448981821897, -257.46280392894477)
528 (82.30723758355947, -339.96179822151601, -257.65456063795654)
529 (86.895399354575929, -344.82074345838134, -257.9253441038054)
530 (89.115243205957228, -347.05047016520331, -257.93522695924605)
531 (88.371288728781352, -346.13092738461347, -257.75963865583213)
532 (86.84308145469771, -344.43031462315008, -257.58723316845237)
533 (86.932801132619232, -344.47671899396465, -257.54391786134545)
534 (89.133960823638589, -346.8097260192659, -257.67576519562732)
535 (91.580866899407965, -349.43157372636227, -257.85070682695431)
536 (91.936181309555863, -349.83145114814448, -257.8952698385886)
537 (89.58322865305351, -347.38631695259295, -257.80308829953947)
538 (85.876783886740313, -343.54201911342619, -257.66523522668587)
539 (82.6908640405955, -340.3352848493916, -257.6444208087961)
540 (80.719064125251123, -338.34956597148647, -257.63050184623535)
541 (80.403301656843581, -337.95025627114626, -257.54695461430265)
542 (82.486498030382634, -340.09568785407913, -257.60918982369651)
543 (86.059042938746046, -343.83730760312432, -257.7782646643783)
544 (88.79590361429284, -346.6984687462753, -257.90256513198244)
545 (88.835537243614084, -346.77722534066299, -257.94168809704888)
546 (85.712944424466812, -343.57383346049244, -257.86088903602564)
547 (80.942457054773513, -338.58835653205244, -257.64589947727893)
548 (77.766615139989199, -335.25158288377662, -257.48496774378742)
549 (78.669473211554248, -336.18817353892319, -257.51870032736895)
550 (83.449379564676477, -341.09787883127444, -257.64849926659798)
551 (89.8348190262858, -347.6719449381838, -257.837125911898)
552 (94.565179903691089, -352.55876500504297, -257.99358510135187)
553 (95.048982490309868, -353.07802846963762, -258.02904597932775)
554 (91.03959729910973, -348.88488822384988, -257.84529092474014)
555 (86.10052590714588, -343.50233757634601, -257.40181166920013)
556 (86.183012954890174, -343.51509324645576, -257.3320802915656)
557 (92.183672427163629, -349.91881100587659, -257.73513857871296)
558 (98.778290336937332, -356.78134743130141, -258.00305709436407)
559 (101.48805168316299, -359.4912634825252, -258.00321179936219)
560 (99.686912256502936, -357.54818971096535, -257.86127745446242)
561 (95.269716311250079, -352.98180288598536, -257.71208657473528)
562 (90.849460518271158, -348.39798056120418, -257.54852004293303)
563 (89.056623608262214, -346.51176699968124, -257.45514339141903)
564 (91.032768920926529, -348.62867995954116, -257.59591103861464)
565 (95.060342259775041, -352.8248602879504, -257.76451802817536)
566 (98.48325966030194, -356.32934350023606, -257.84608383993412)
567 (99.743534772730953, -357.56507928163671, -257.82154450890573)
568 (99.169736735350341, -356.84234795619449, -257.67261122084415)
569 (98.544805720246657, -356.19244750825385, -257.64764178800721)
570 (98.094121674378997, -355.95703013737381, -257.86290846299482)
571 (95.559117522513361, -353.52612169747658, -257.96700417496322)
572 (89.687755531969643, -347.58283775001564, -257.89508221804601)
573 (82.056117081396025, -339.71134737188675, -257.65523029049075)
574 (76.714118138649596, -334.09646165136553, -257.38234351271592)
575 (77.275832763490186, -334.75955325971165, -257.48372049622145)
576 (82.239881290093436, -340.13143645875181, -257.89155516865839)
577 (86.086431119347182, -344.20398227182511, -258.11755115247792)
578 (85.769460702465594, -343.64794390992574, -257.87848320746014)
579 (84.2909974243005, -341.82135225319757, -257.53035482889709)
580 (85.675765965786127, -343.34207119990782, -257.66630523412169)
581 (88.901960839528357, -346.72001461381888, -257.81805377429055)
582 (91.641700586008909, -349.41902645589192, -257.77732586988304)
583 (93.568853836300434, -351.32385273188299, -257.75499889558256)
584 (94.694044165615182, -352.47962223733634, -257.78557807172115)
585 (94.560582477738976, -352.37849393272262, -257.81791145498363)
586 (92.817473655622095, -350.61912329183883, -257.80164963621672)
587 (89.852518528389894, -347.5949982117491, -257.74247968335919)
588 (86.628538431132753, -344.306277635963, -257.67773920483023)
589 (84.284907622018295, -341.90084014530549, -257.6159325232872)
590 (83.554039669569221, -341.23301538786461, -257.67897571829542)
591 (83.681010425991801, -341.46493385287124, -257.78392342687943)
592 (83.334079409731117, -341.10541399717715, -257.77133458744606)
593 (82.71054184829427, -340.34816367875584, -257.63762183046157)
594 (83.216788286681833, -340.85011166347522, -257.63332337679338)
595 (84.925556712054544, -342.66531155658106, -257.73975484452649)
596 (86.472937851443334, -344.27628659526039, -257.80334874381708)
597 (86.997554658736263, -344.75614231643237, -257.75858765769613)
598 (87.086067962570482, -344.75517125941548, -257.66910329684498)
599 (87.659314102244309, -345.38503787048734, -257.72572376824303)
600 (88.027993151353272, -345.87809578414561, -257.85010263279236)
601 (86.623141946796565, -344.52100407971574, -257.89786213291916)
602 (83.094934969998704, -340.87364954729321, -257.77871457729452)
603 (79.360912219144694, -336.96589260557755, -257.60498038643289)
604 (77.773093253924657, -335.41011030516682, -257.6370170512422)
605 (78.773147464603909, -336.39775836436326, -257.62461089975932)
606 (81.950332660480186, -339.7231888784836, -257.77285621800343)
607 (84.943901897962206, -342.88567185699685, -257.94176995903467)
608 (85.29664726553915, -343.1342646952607, -257.83761742972155)
609 (83.864752580512572, -341.52538054049847, -257.6606279599859)
610 (82.827803313853906, -340.46251124986458, -257.63470793601067)
611 (82.960777424469981, -340.61847875918403, -257.65770133471403)
612 (84.133894707769542, -341.78684315338961, -257.65294844562004)
613 (85.967744033895983, -343.73099672321013, -257.76325268931413)
614 (86.980118944654336, -344.87837403058177, -257.89825508592742)
615 (85.744970134330643, -343.61888989117097, -257.87391975684034)
616 (83.065721746860916, -340.75060191349695, -257.68488016663605)
617 (81.982475334593829, -339.4900045338581, -257.50752919926424)
618 (85.06160702747448, -342.63340503326162, -257.57179800578717)
619 (91.166818459993024, -349.03390005592922, -257.86708159593621)
620 (96.230811887292759, -354.22647182801472, -257.99565994072196)
621 (97.812024275048373, -355.72336294494613, -257.91133866989776)
622 (96.497214616185175, -354.27612938753362, -257.77891477134847)
623 (94.107399198417582, -351.78582889600557, -257.678429697588)
624 (92.24581898853954, -349.89154949264201, -257.64573050410246)
625 (91.527609725638285, -349.2515957200095, -257.72398599437122)
626 (91.143876748473971, -348.9712631101437, -257.82738636166971)
627 (89.997208055151091, -347.82159328667461, -257.82438523152354)
628 (88.723271837470023, -346.33160404299218, -257.60833220552217)
629 (89.88507029167171, -347.48738976352115, -257.60231947184946)
630 (93.082337962880018, -351.00594715589995, -257.92360919301996)
631 (94.58838366983602, -352.49789955573158, -257.90951588589553)
632 (93.852093303403322, -351.58310873898608, -257.73101543558278)
633 (92.65037717970192, -350.4323733990347, -257.78199621933277)
634 (90.825702497713166, -348.6959186312252, -257.87021613351203)
635 (87.723328427901166, -345.49234072052121, -257.76901229262006)
636 (84.621665151524226, -342.2841327070231, -257.66246755549889)
637 (82.959988084759416, -340.6561612374278, -257.69617315266839)
638 (82.692087711983902, -340.40351461161998, -257.71142689963608)
639 (83.235106013940921, -340.97738329237615, -257.74227727843521)
640 (83.911904996014343, -341.65362393731522, -257.74171894130086)
641 (84.299321006421764, -342.04030824896608, -257.74098724254429)
642 (84.190789039080215, -341.92939983429591, -257.73861079521566)
643 (83.744561203994607, -341.42185927225643, -257.67729806826185)
644 (83.844665038300889, -341.45673216076329, -257.61206712246241)
645 (85.355347892880616, -343.00081845125015, -257.64547055836954)
646 (87.845416305250097, -345.62835994935415, -257.78294364410408)
647 (89.492217696449117, -347.4021273091833, -257.90990961273417)
648 (88.665825997626087, -346.58504086910455, -257.91921487147846)
649 (85.322821597842548, -343.17109477120368, -257.84827317336112)
650 (80.899381803121059, -338.62001943641343, -257.72063763329237)
651 (77.533034519577342, -335.15138172442931, -257.61834720485194)
652 (76.997997996741503, -334.57549415036829, -257.57749615362678)
653 (79.600527944889265, -337.31166757027825, -257.71113962538897)
654 (83.421381626328682, -341.28490518602524, -257.86352355969655)
655 (86.189995605974161, -344.0596268446094, -257.86963123863524)
656 (87.33163561560329, -345.16613905284817, -257.83450343724485)
657 (87.40269168895631, -345.17229942932954, -257.7696077403732)
658 (87.5533381398958, -345.24681716957224, -257.69347902967644)
659 (88.652215411992799, -346.43185095238755, -257.77963554039474)
660 (89.659116131072139, -347.56967912252952, -257.91056299145737)
661 (89.139760926371721, -346.97498328099488, -257.83522235462317)
662 (88.081754164375027, -345.72437640863768, -257.64262224426267)
663 (88.782515674853627, -346.40948400429403, -257.62696832944039)
664 (91.343877295212437, -349.13250691422655, -257.7886296190141)
665 (93.563335825725829, -351.43333964650844, -257.87000382078259)
666 (93.880967020085436, -351.73119657913571, -257.85022955905026)
667 (92.194582054508714, -350.00863706202142, -257.81405500751271)
668 (89.21439777488709, -346.94073960704293, -257.72634183215587)
669 (86.402045103365396, -344.01805203849398, -257.61600693512855)
670 (85.137039561718694, -342.81269967151661, -257.67566010979795)
671 (84.75665580739313, -342.59517205634933, -257.83851624895618)
672 (83.194116727003632, -341.12650138632881, -257.93238465932518)
673 (79.540922443178914, -337.37308066721715, -257.83215822403827)
674 (75.541701131886597, -333.17503616068092, -257.63333502879431)
675 (74.190226205558091, -331.73184909401022, -257.54162288845214)
676 (76.566052053951438, -334.27723369961313, -257.71118164566167)
677 (80.211561290389483, -338.11997137172182, -257.90841008133236)
678 (82.070603742443069, -339.96744873978764, -257.8968449973446)
679 (81.663705080687919, -339.46932823486441, -257.80562315417649)
680 (80.110917010071518, -337.83718429530319, -257.72626728523164)
681 (78.717878931598463, -336.38535174955484, -257.66747281795637)
682 (78.38842626409722, -336.05358041125226, -257.66515414715502)
683 (79.151313764722275, -336.87124857878371, -257.71993481406145)
684 (80.316185903175793, -338.07403953308346, -257.75785362990769)
685 (81.382002811201147, -339.12205924984926, -257.74005643864814)
686 (82.352426871888682, -340.1008128186304, -257.74838594674173)
687 (83.038246943180013, -340.79921453023746, -257.76096758705745)
688 (83.157486286842357, -340.90325637307336, -257.745770086231)
689 (82.914378356000739, -340.6068121784391, -257.69243382243837)
690 (83.105144489178699, -340.73090784517973, -257.62576335600102)
691 (84.495158107656636, -342.15416604258564, -257.65900793492904)
692 (86.592543209486166, -344.37478596914082, -257.78224275965465)
693 (87.871293563245544, -345.71641462851557, -257.84512106527001)
694 (87.776849803014571, -345.50381070438749, -257.72696090137293)
695 (87.914031158924104, -345.47018209116573, -257.55615093224162)
696 (90.362826757693043, -347.92354953087636, -257.56072277318333)
697 (95.012420961053451, -352.71145404523946, -257.699033084186)
698 (99.889850703518377, -357.67874241093443, -257.78889170741604)
699 (103.2572653422268, -361.09277887836447, -257.83551353613768)
700 (104.00035474775983, -361.90600549117687, -257.90565074341703)
701 (101.37218569633173, -359.25973140651399, -257.88754571018228)
702 (95.896180800298836, -353.68861619303675, -257.7924353927379)
703 (89.279936117732674, -347.01750492465897, -257.73756880692628)
704 (83.369557255966853, -341.00495930511039, -257.63540204914352)
705 (80.487751054167219, -338.01468734159374, -257.52693628742651)
706 (81.971722304593115, -339.69815927780644, -257.72643697321331)
707 (84.995967920885491, -343.03583294713133, -258.03986502624582)
708 (85.642985630824185, -343.55701594059906, -257.91403030977489)
709 (84.910448868693322, -342.55404609419924, -257.64359722550591)
710 (85.573432627364227, -343.33485108142656, -257.76141845406232)
711 (86.78796408829524, -344.63368574913727, -257.84572166084206)
712 (87.314783761907648, -345.05917587843635, -257.74439211652873)
713 (88.058922935562478, -345.73672969261094, -257.67780675704847)
714 (89.616419909181445, -347.38648625059386, -257.77006634141242)
715 (91.008056126809691, -348.76669270360571, -257.75863657679599)
716 (92.119117411161952, -349.78822351232481, -257.66910610116287)
717 (93.586138503285795, -351.31478849977901, -257.72864999649323)
718 (94.690390822404595, -352.50349214800394, -257.81310132559935)
719 (94.291308428949037, -352.14219286811471, -257.85088443916567)
720 (92.170250676638119, -349.92931701453648, -257.75906633789839)
721 (89.86613090394404, -347.48610512217311, -257.61997421822906)
722 (88.941077802882532, -346.65690961359741, -257.71583181071486)
723 (88.392646495557329, -346.2324612552228, -257.8398147596655)
724 (86.472473239674088, -344.32806656401311, -257.855593324339)
725 (83.147305657761422, -340.86420058527614, -257.71689492751472)
726 (80.654311178806054, -338.21487432787842, -257.56056314907238)
727 (80.860887674627548, -338.58672299885109, -257.72583532422357)
728 (82.270431934016457, -340.07619409459579, -257.80576216057932)
729 (83.512403890464014, -341.23119736320081, -257.71879347273682)
730 (85.032764643197893, -342.75283912573144, -257.72007448253356)
731 (86.685855363086461, -344.46012293564132, -257.77426757255489)
732 (87.787673958877548, -345.5725406848145, -257.78486672593692)
733 (88.173186613793121, -345.93333222541253, -257.76014561161941)
734 (88.382841972741645, -346.06297530430061, -257.68013333155898)
735 (89.518165547600177, -347.17347561321981, -257.65531006561963)
736 (91.877356406692158, -349.64055555447629, -257.76319914778412)
737 (94.462457725395041, -352.26528430089161, -257.80282657549657)
738 (96.461376500302762, -354.31017027329511, -257.84879377299234)
739 (97.245093264375171, -355.08173580343799, -257.83664253906284)
740 (96.950227874674155, -354.68745566126967, -257.7372277865955)
741 (96.355452329349632, -354.14584140491547, -257.79038907556583)
742 (94.855092225513445, -352.77454513661507, -257.91945291110164)
743 (91.421302866719628, -349.2629107491905, -257.84160788247084)
744 (87.877355112021533, -345.46818344345411, -257.59082833143259)
745 (86.917203997174852, -344.70029269352744, -257.78308869635259)
746 (87.023962137533616, -344.9301958804121, -257.9062337428785)
747 (86.457858814809512, -344.23936256355501, -257.78150374874548)
748 (86.621586320358006, -344.24726347165966, -257.62567715130166)
749 (89.123727730289644, -346.84334114499018, -257.71961341470052)
750 (93.037312935673143, -350.80561750838973, -257.7683045727166)
751 (96.99077350632453, -354.79958276372452, -257.80880925739996)
752 (99.861067027005731, -357.72060305879558, -257.85953603178984)
753 (100.77796899854825, -358.62191371616791, -257.84394471761965)
754 (99.732185325401247, -357.55894647896298, -257.82676115356173)
755 (97.107709249124056, -354.9262523733517, -257.81854312422763)
756 (93.45626257026727, -351.23006927331352, -257.77380670304626)
757 (89.84911565995084, -347.55008899399769, -257.70097333404686)
758 (87.479469782403015, -345.2133425222529, -257.73387273984986)
759 (86.235547155805349, -344.0851294550792, -257.84958229927383)
760 (85.392242343037196, -343.16764822232687, -257.77540587928968)
761 (85.532699370269128, -343.40064731364549, -257.86794794337635)
762 (85.1845886230047, -343.34388691637417, -258.15929829336949)
763 (81.356826706710734, -339.41716968506103, -258.06034297835026)
764 (75.804208856723406, -333.49327924277185, -257.68907038604846)
765 (73.695067560847619, -331.2661875258745, -257.57111996502687)
766 (76.798986534071261, -334.63907163457657, -257.84008510050529)
767 (81.141445855214869, -339.29076024412478, -258.14931438890994)
768 (81.991430044335701, -340.09490927402248, -258.1034792296868)
769 (78.943163185937053, -336.82416084932242, -257.88099766338536)
770 (75.03116945178769, -332.6622078656585, -257.63103841387078)
771 (73.684053848971956, -331.27895299660321, -257.59489914763128)
772 (75.49838260668777, -333.27272944959128, -257.77434684290353)
773 (78.232913310123365, -336.13647067201941, -257.90355736189605)
774 (79.975169289445077, -337.87491654117883, -257.89974725173374)
775 (80.624598566758621, -338.46279397516861, -257.83819540841)
776 (80.931678387746103, -338.76777974428308, -257.83610135653697)
777 (81.203775813377035, -339.01656710658642, -257.81279129320939)
778 (81.920711732970062, -339.62888595464068, -257.70817422167062)
779 (84.208952581922674, -341.90555836143614, -257.69660577951345)
780 (87.94418861545293, -345.80052887080245, -257.85634025534955)
781 (91.09249449721068, -349.04973349997539, -257.95723900276471)
782 (92.500849556512222, -350.30487192981991, -257.8040223733077)
783 (93.707078406640903, -351.40239719516688, -257.69531878852598)
784 (95.665708378319877, -353.49357868579693, -257.82787030747704)
785 (96.845469375144972, -354.73098997950314, -257.88552060435813)
786 (96.128862120427371, -353.97541468568738, -257.84655256526003)
787 (93.941034370371952, -351.70834932185676, -257.76731495148482)
788 (91.547971279384512, -349.23485317649329, -257.68688189710878)
789 (89.841361688787913, -347.6110837982082, -257.76972210942029)
790 (87.951759347433367, -345.79572191613318, -257.84396256869979)
791 (84.999736397915058, -342.7787706963872, -257.77903429847214)
792 (81.816397695005705, -339.49629462515549, -257.67989693014977)
793 (80.121052160075095, -337.71047796170615, -257.58942580163102)
794 (81.286245758055671, -338.90613701572897, -257.61989125767332)
795 (84.793386133586267, -342.57691184215588, -257.78352570856964)
796 (88.432980357363462, -346.28131221034045, -257.84833185297697)
797 (90.899088401460943, -348.70410201426739, -257.80501361280642)
798 (92.388630393928239, -350.1593731789709, -257.77074278504267)
799 (93.505723276979893, -351.21129432963824, -257.70557105265834)
800 (94.956939497752842, -352.66118588898991, -257.70424639123706)
801 (96.464194021020802, -354.30513750003962, -257.84094347901885)
802 (96.299304361548877, -354.23412482647865, -257.93482046492977)
803 (93.285274601372123, -351.18958485466976, -257.90431025329764)
804 (88.035971580353674, -345.87170730119783, -257.83573572084413)
805 (82.556476994301278, -340.16970012738432, -257.61322313308301)
806 (81.048566774491761, -338.34019639540634, -257.29162962091459)
807 (86.462531820499805, -344.17782514244908, -257.71529332194928)
808 (93.966174751289486, -352.01238449285393, -258.04620974156444)
809 (98.145381281790534, -356.11676639859303, -257.97138511680248)
810 (98.627586575928845, -356.48051567362211, -257.85292909769328)
811 (96.955525013445566, -354.71623609121463, -257.76071107776909)
812 (94.90379093556588, -352.53846321174944, -257.63467227618355)
813 (94.313642866803292, -351.95155260861077, -257.63790974180745)
814 (95.134312948561657, -352.98313433354969, -257.84882138498801)
815 (95.024743339079919, -352.97696770013067, -257.95222436105075)
816 (92.801403353179879, -350.63873320506332, -257.83732985188345)
817 (90.002023880636656, -347.68853730136271, -257.68651342072604)
818 (88.550912156800337, -346.27902035972232, -257.72810820292199)
819 (87.832097413877904, -345.77089513606927, -257.93879772219134)
820 (85.204118965922518, -343.24320175665906, -258.03908279073653)
821 (79.644952628131207, -337.51172872266289, -257.8667760945317)
822 (73.786880329905102, -331.38422331716822, -257.59734298726312)
823 (71.223496138653772, -328.81423073233634, -257.59073459368255)
824 (72.412270466338398, -330.16078555852698, -257.7485150921886)
825 (75.376866987685659, -333.20339654645073, -257.82652955876506)
826 (78.719491715096581, -336.5215312011253, -257.80203948602872)
827 (82.230309538564114, -340.0483213031481, -257.81801176458396)
828 (85.311175644618388, -343.24187875978936, -257.93070311517096)
829 (86.703967395842568, -344.59962995891476, -257.89566256307216)
830 (87.015781699227489, -344.7048990360812, -257.68911733685371)
831 (88.658150852353259, -346.28991574299164, -257.63176489063835)
832 (92.321372628471806, -350.08515110442278, -257.76377847595097)
833 (96.196911262955851, -354.07432201305096, -257.87741075009512)
834 (98.475567720851288, -356.33378297819291, -257.85821525734161)
835 (98.921507311846014, -356.7310070398874, -257.80949972804137)
836 (98.048318777531932, -355.84962058791496, -257.80130181038305)
837 (96.197534860283369, -353.97955189032155, -257.78201703003816)
838 (93.863252347371827, -351.60010704894557, -257.73685470157375)
839 (91.694711162227932, -349.45833617797678, -257.76362501574886)
840 (89.575461032832379, -347.41023722613278, -257.8347761933004)
841 (87.050595152055706, -344.84229243679363, -257.79169728473789)
842 (84.85979333525745, -342.55824512904798, -257.69845179379053)
843 (84.505887823814604, -342.14867681486271, -257.64278899104812)
844 (86.885785950755235, -344.56998307555278, -257.68419712479755)
845 (91.170600491823365, -349.05852492341012, -257.88792443158673)
846 (94.296082729769097, -352.41312873604357, -258.11704600627445)
847 (93.390841833476969, -351.42704694463959, -258.03620511116264)
848 (89.651206738645527, -347.3667722779295, -257.71556553928394)
849 (86.927442075077039, -344.5891566533607, -257.66171457828364)
850 (86.345160842346928, -344.14581311806484, -257.80065227571788)
851 (86.186715049995044, -344.0886179734681, -257.90190292347307)
852 (85.362058156471122, -343.13667916971178, -257.77462101324068)
853 (85.616226989495317, -343.21416199012862, -257.5979350006333)
854 (88.45041430540735, -346.27080122466111, -257.82038691925379)
855 (91.234997669112275, -349.21977684764988, -257.98477917853762)
856 (91.244164875464676, -349.19347621794105, -257.94931134247639)
857 (88.351391462076435, -346.23481145180398, -257.88341998972754)
858 (83.681541196057523, -341.45665277679279, -257.77511158073526)
859 (79.143771559724541, -336.77581767799848, -257.63204611827393)
860 (76.861394610282829, -334.46484386658477, -257.60344925630193)
861 (77.377221442605844, -335.09834236754472, -257.72112092493887)
862 (79.312050549743432, -337.12404978353806, -257.81199923379461)
863 (81.345418315724757, -339.12949469258359, -257.78407637685882)
864 (83.42594769999404, -341.18718201367244, -257.76123431367841)
865 (85.481694754954461, -343.33018616772273, -257.84849141276828)
866 (86.415343283811907, -344.33044741786262, -257.91510413405069)
867 (85.288619428911929, -343.19874869594156, -257.91012926702962)
868 (82.429354804080305, -340.24120030502371, -257.81184550094338)
869 (79.493296310565285, -337.20950709815668, -257.71621078759142)
870 (77.7269830635434, -335.5406950579499, -257.8137119944065)
871 (76.413395446643818, -334.29671564467276, -257.88332019802897)
872 (75.31741978519787, -333.02550217320601, -257.70808238800817)
873 (76.472036936504409, -334.17173362525034, -257.69969668874592)
874 (79.645689258099196, -337.63510084464343, -257.98941158654424)
875 (81.538647408790084, -339.51320210804664, -257.97455469925654)
876 (81.542963685672248, -339.35115856103278, -257.80819487536053)
877 (81.414981963186463, -339.15688198704271, -257.74190002385626)
878 (81.963377560047505, -339.79559028819938, -257.83221272815189)
879 (82.002492460737301, -339.94876049895385, -257.94626803821654)
880 (80.238168378939434, -338.10725960851329, -257.86909122957388)
881 (77.638360469318414, -335.33178631953496, -257.69342585021656)
882 (76.540495093573838, -334.15613811311874, -257.6156430195449)
883 (78.038056758076578, -335.74270129234105, -257.7046445342645)
884 (80.96149882366133, -338.78956498436872, -257.82806616070741)
885 (83.520518002928171, -341.35415108517606, -257.8336330822479)
886 (85.297902026685691, -343.05321025618025, -257.75530822949457)
887 (87.021761060196283, -344.76041806470687, -257.73865700451057)
888 (88.916494989482217, -346.72571448032943, -257.80921949084723)
889 (90.274123311517513, -348.1637925614242, -257.88966924990666)
890 (90.373513635013339, -348.2568475519825, -257.88333391696915)
891 (90.026178454838657, -347.7225752544515, -257.69639679961284)
892 (91.739009092816943, -349.39490566262089, -257.65589656980393)
893 (95.818133320030782, -353.7005779016518, -257.88244458162103)
894 (99.465882537080887, -357.41343709040751, -257.94755455332665)
895 (101.12105798781904, -358.99105791335211, -257.86999992553308)
896 (101.02559469154455, -358.91005370353997, -257.88445901199543)
897 (99.148719342506979, -357.01837374294814, -257.86965440044116)
898 (95.878421460146072, -353.63804308279009, -257.75962162264403)
899 (92.735695257029363, -350.41077754408292, -257.67508228705356)
900 (90.761726910554827, -348.50913177947746, -257.74740486892262)
901 (89.266343534046044, -347.10073706962373, -257.8343935355777)
902 (87.260433224473729, -345.08062800726788, -257.82019478279415)
903 (85.003029405351242, -342.74721148263325, -257.74418207728201)
904 (83.673403009799259, -341.37503819214442, -257.70163518234517)
905 (83.897194571656058, -341.69247522337247, -257.79528065171644)
906 (84.565778707527372, -342.47643938027682, -257.91066067274943)
907 (84.211107831500271, -342.113754185191, -257.90264635369073)
908 (82.806730690978213, -340.64709935058562, -257.84036865960741)
909 (81.286193985012787, -339.07443559880846, -257.78824161379566)
910 (80.588309538344959, -338.35507309667474, -257.76676355832979)
911 (80.930562229796038, -338.79057849090668, -257.86001626111067)
912 (81.108537605846692, -339.05638114916763, -257.94784354332091)
913 (79.992981963403381, -337.87719353634503, -257.88421157294164)
914 (78.008775404092404, -335.85027315971791, -257.84149775562548)
915 (75.780564320235698, -333.60380193076264, -257.82323761052692)
916 (73.789235236047602, -331.54503025909838, -257.75579502305078)
917 (72.715657943364491, -330.49117855526572, -257.77552061190124)
918 (72.527844145546212, -330.30829816573083, -257.78045402018461)
919 (73.110074254220194, -330.85133617805468, -257.74126192383449)
920 (75.005830240971079, -332.67702664907551, -257.67119640810444)
921 (78.816129235641455, -336.53445357090305, -257.71832433526163)
922 (83.730586359932815, -341.57458329780866, -257.84399693787583)
923 (88.006758982727362, -345.87896204008933, -257.87220305736196)
924 (91.093412538859269, -348.88027657099474, -257.78686403213544)
925 (93.838969307793207, -351.6039068154883, -257.76493750769509)
926 (96.378553497618938, -354.2697989935221, -257.89124549590315)
927 (97.083241447840621, -355.1134489856027, -258.03020753776207)
928 (94.266406393301054, -352.30105713353424, -258.03465074023319)
929 (88.274948278607852, -346.14960638738216, -257.87465810877433)
930 (81.829138470479421, -339.48129797945398, -257.65215950897459)
931 (78.51586507896036, -336.0184488251619, -257.50258374620154)
932 (80.48829188555986, -338.06807381910312, -257.57978193354325)
933 (86.477707616220201, -344.32389400971056, -257.84618639349037)
934 (92.578220180642674, -350.61327261683391, -258.03505243619122)
935 (95.561296801261307, -353.61055258876678, -258.04925578750544)
936 (94.791133834121851, -352.7313406401712, -257.94020680604933)
937 (91.774201649381695, -349.57335468612899, -257.79915303674727)
938 (88.9658105824752, -346.63831220405933, -257.67250162158416)
939 (88.221763089922021, -345.97156653556209, -257.74980344564005)
940 (88.759892354214315, -346.67942492916916, -257.91953257495481)
941 (88.639432406123959, -346.53777239942838, -257.89833999330443)
942 (87.87982221522492, -345.68883311839176, -257.80901090316684)
943 (87.541907139226751, -345.34525409690019, -257.80334695767345)
944 (87.929643523410135, -345.72034465656066, -257.79070113315049)
945 (89.093583281903889, -346.85794935644657, -257.76436607454269)
946 (91.023416828473088, -348.8183519905366, -257.7949351620635)
947 (93.069022273783787, -350.91236772434337, -257.84334545055958)
948 (94.394036138780208, -352.24590135167648, -257.85186521289626)
949 (94.723319076793871, -352.54830239076693, -257.82498331397306)
950 (94.528147597648967, -352.27955273548116, -257.75140513783219)
951 (94.699972755311975, -352.43933953212104, -257.73936677680905)
952 (95.384162992166509, -353.17646522436019, -257.79230223219366)
953 (95.959796396921732, -353.75656309685246, -257.79676669993074)
954 (96.197413968356017, -353.97128741613705, -257.77387344778106)
955 (96.357660686849371, -354.09238612342824, -257.73472543657886)
956 (96.984539292024735, -354.6829416340849, -257.69840234206015)
957 (98.4058473456722, -356.12705063338291, -257.72120328771069)
958 (100.18415877016442, -357.96718351869356, -257.78302474852916)
959 (101.33487536181363, -359.1679073170111, -257.8330319551975)
960 (101.01892999362991, -358.85671120807109, -257.83778121444118)
961 (99.07845541742185, -356.88926711108877, -257.81081169366689)
962 (95.953836828409848, -353.73543699819805, -257.78160016978819)
963 (92.329380715863934, -350.07966351935625, -257.75028280349233)
964 (89.089035219022605, -346.76193246844952, -257.67289724942691)
965 (87.627372340527288, -345.20208872312793, -257.57471638260063)
966 (89.149267711174105, -346.76598156829385, -257.61671385711975)
967 (93.051261458724781, -350.82455391189478, -257.77329245317003)
968 (97.119319621889176, -355.0290833324629, -257.90976371057371)
969 (99.154235805166337, -357.14055703268895, -257.98632122752258)
970 (97.990682332444251, -355.94708935607912, -257.95640702363488)
971 (94.138331140223215, -351.9522947869977, -257.81396364677448)
972 (89.624527272160478, -347.31729089289769, -257.6927636207372)
973 (86.149887278715084, -343.88233653130447, -257.73244925258939)
974 (83.580897435787506, -341.40079592488041, -257.81989848909291)
975 (81.272776878524965, -339.02278961178001, -257.75001273325506)
976 (80.139017783288111, -337.8066312032675, -257.66761341997938)
977 (80.973253050648992, -338.73700980213857, -257.76375675148961)
978 (83.021294452673658, -340.76483951184451, -257.74354505917086)
979 (86.325849821063926, -343.99796385968568, -257.67211403862177)
980 (91.442839640035331, -349.16030337608549, -257.71746373605015)
981 (97.304997012909283, -355.19301981810185, -257.88802280519258)
982 (101.32729936519371, -359.32114724078895, -257.99384787559524)
983 (101.76502681171017, -359.70174993937792, -257.93672312766773)
984 (99.115984585135848, -356.92882699101028, -257.81284240587445)
985 (95.267120278489543, -352.95254501908562, -257.68542474059609)
986 (91.97923590878753, -349.68629692444119, -257.70706101565366)
987 (89.358104935987399, -347.14684169660359, -257.78873676061619)
988 (87.111395352655848, -344.78766560747624, -257.67627025482039)
989 (86.432608296606091, -344.10886512799766, -257.67625683139158)
990 (87.396379121018384, -345.19879119955698, -257.80241207853862)
991 (88.487164353400601, -346.34981307226508, -257.86264871886448)
992 (88.84280316317664, -346.67134503431419, -257.82854187113753)
993 (88.814111761938761, -346.65030914024425, -257.83619737830549)
994 (88.461439920272596, -346.36447787629595, -257.90303795602335)
995 (87.436170045250378, -345.28212809576951, -257.84595805051913)
996 (86.05931800195556, -343.94853751098958, -257.88921950903404)
997 (83.954689712401574, -341.88500139126177, -257.93031167886022)
998 (80.857185266165374, -338.68388737613276, -257.82670210996741)
999 (78.016519351853461, -335.75409563663754, -257.7375762847841)
