0 (69.888000000000034, -327.54587844028083, -257.6578784402808)
1 (69.826173502525549, -327.53459498563484, -257.7084214831093)
2 (69.589799543037657, -327.29829432721147, -257.70849478417381)
3 (69.128233352711277, -326.83673161590355, -257.70849826319227)
4 (68.442629728292786, -326.15105172516354, -257.70842199687075)
5 (67.535680923236797, -325.24393405777136, -257.70825313453457)
6 (66.411801419649976, -324.11977718588167, -257.7079757662317)
7 (65.077347046204153, -322.78491920959954, -257.70757216339541)
8 (63.540868216062741, -321.24789024421921, -257.70702202815647)
9 (61.813373082627486, -319.51968070368298, -257.70630762105549)
10 (59.908590362513443, -317.61399907101355, -257.7054087085001)
11 (57.843219748307078, -315.54753133522723, -257.70431158692014)
12 (55.637161792314991, -313.3401389233386, -257.7029771310236)
13 (53.313632344811651, -311.01507533720212, -257.70144299239047)
14 (50.899124304818493, -308.59882306393911, -257.69969875912062)
15 (48.423381837210279, -306.12111326027804, -257.69773142306775)
16 (45.919099302793832, -303.61471028849252, -257.69561098569869)
17 (43.421426176540301, -301.11478217356034, -257.69335599702003)
18 (40.967488955423924, -298.65850262180436, -257.69101366638046)
19 (38.595471638432947, -296.28413419614878, -257.68866255771582)
20 (36.343369952695426, -294.02974345145481, -257.68637349875939)
21 (34.248087989041764, -291.9322382066639, -257.68415021762212)
22 (32.344131690308345, -290.02635557148983, -257.68222388118147)
23 (30.662246276563355, -288.34284287126957, -257.68059659470623)
24 (29.228316711318499, -286.90766919585218, -257.67935248453369)
25 (28.062105330952221, -285.74062114096063, -257.67851581000843)
26 (27.176798729947244, -284.85503304276915, -257.67823431282193)
27 (26.578485679289859, -284.25677237524582, -257.67828669595593)
28 (26.265858928921659, -283.94468495233241, -257.67882602341075)
29 (26.230910173635642, -283.9106177115998, -257.67970753796413)
30 (26.458613885984779, -284.13958964671724, -257.68097576073245)
31 (26.927843257252469, -284.61022513599079, -257.68238187873834)
32 (27.613020749111321, -285.29738800196088, -257.68436725284954)
33 (28.484837315861075, -286.17120308198406, -257.686365766123)
34 (29.51156209963154, -287.19997396592413, -257.6884118662926)
35 (30.660209681052461, -288.35063913147616, -257.69042945042372)
36 (31.898283977217801, -289.59056841013188, -257.69228443291411)
37 (33.193731839196282, -290.88787541180392, -257.69414357260763)
38 (34.516327283997512, -292.21219377228113, -257.69586648828363)
39 (35.838962515106736, -293.53646200054658, -257.69749948543983)
40 (37.137335698056134, -294.83600784537617, -257.69867214732005)
41 (38.390557627914056, -296.09008837189162, -257.69953074397756)
42 (39.5813767169154, -297.28156897822458, -257.70019226130921)
43 (40.696781809622586, -298.39732215402296, -257.70054034440039)
44 (41.727391443967818, -299.42835825403353, -257.70096681006572)
45 (42.667764767353361, -300.36920224016228, -257.70143747280895)
46 (43.516234740948121, -301.21768221263397, -257.70144747168587)
47 (44.27329970148481, -301.97432635131145, -257.70102664982664)
48 (44.942436524036573, -302.64291524400676, -257.70047871997019)
49 (45.530833892430678, -303.23042177715604, -257.69958788472536)
50 (46.047917043556943, -303.74690839936687, -257.69899135580994)
51 (46.504566570406496, -304.2027349173656, -257.69816834695911)
52 (46.913989711707984, -304.61125550399981, -257.69726579229183)
53 (47.290148448036021, -304.98619508532352, -257.69604663728751)
54 (47.647116433088499, -305.34225613213721, -257.6951396990487)
55 (47.999617482561561, -305.69359578182349, -257.69397829926191)
56 (48.362241340718292, -306.05510206488515, -257.69286072416685)
57 (48.750068696214335, -306.4418630555931, -257.69179435937878)
58 (49.177523307906235, -306.86831976054458, -257.69079645263832)
59 (49.657640340708234, -307.34758574791778, -257.68994540720956)
60 (50.203491462081452, -307.89272672360954, -257.6892352615281)
61 (50.826522936953914, -308.51490475957735, -257.68838182262346)
62 (51.535870845770468, -309.22349184002343, -257.68762099425294)
63 (52.339017532901913, -310.02625402338481, -257.68723649048292)
64 (53.241797064758629, -310.92855964594526, -257.6867625811866)
65 (54.248486963958193, -311.93523373087726, -257.68674676691904)
66 (55.360877172811584, -313.04764067281906, -257.68676350000749)
67 (56.578587662799897, -314.26546089760257, -257.68687323480265)
68 (57.900317775703456, -315.58781007236911, -257.68749229666565)
69 (59.32245781376654, -317.01044550019691, -257.68798768643035)
70 (60.83943502492415, -318.52812500210422, -257.68868997718005)
71 (62.44462005676511, -320.13380784454313, -257.689187787778)
72 (64.128794753749645, -321.81854180679085, -257.68974705304117)
73 (65.88263783578617, -323.57314301584108, -257.69050518005491)
74 (67.695602857376699, -325.38662705527406, -257.69102419789738)
75 (69.555687727480617, -327.24777298566391, -257.69208525818328)
76 (71.452465629255059, -329.14484198630055, -257.69237635704548)
77 (73.374217050338942, -331.06706646687894, -257.69284941654001)
78 (75.307745425269289, -333.00164240637213, -257.69389698110285)
79 (77.240846888864482, -334.9357379409135, -257.694891052049)
80 (79.160177459311598, -336.85580242852262, -257.69562496921105)
81 (81.053581956801651, -338.75005744543847, -257.69647548863679)
82 (82.910093176158981, -340.60730833879904, -257.69721516264008)
83 (84.717820099616006, -342.41555715511635, -257.69773705550034)
84 (86.467075224181698, -344.16539754077911, -257.6983223165974)
85 (88.149558267065842, -345.84855640676557, -257.69899813969971)
86 (89.756326950456639, -347.45610403205842, -257.69977708160178)
87 (91.278346393906332, -348.97884055962493, -257.70049416571862)
88 (92.707289350758685, -350.40851464453732, -257.70122529377863)
89 (94.035652585879703, -351.73761101656021, -257.70195843068052)
90 (95.256297427245173, -352.95822993433529, -257.70193250709013)
91 (96.361754992603466, -354.06408679912482, -257.70233180652133)
92 (97.344913492608299, -355.04768554251604, -257.70277204990771)
93 (98.199784757350713, -355.90312674916868, -257.70334199181798)
94 (98.92114450999641, -356.62514894668186, -257.70400443668547)
95 (99.50462571712562, -357.20866958927013, -257.7040438721445)
96 (99.945788663273632, -357.64972030505015, -257.70393164177653)
97 (100.24056582214016, -357.94488810880796, -257.70432228666778)
98 (100.38719315805531, -358.09106752409713, -257.70387436604182)
99 (100.3847703299662, -358.08835795645416, -257.70358762648794)
100 (100.23339528801218, -357.93707971924124, -257.70368443122908)
101 (99.935924316164147, -357.63961652645565, -257.70369221029148)
102 (99.497995782358558, -357.20145397708529, -257.70345819472675)
103 (98.928986985224384, -356.6317473260886, -257.70276034086419)
104 (98.241421106725497, -355.94405085202538, -257.70262974529987)
105 (97.449286531912534, -355.15120910581277, -257.70192257390022)
106 (96.569797596412599, -354.27091460213944, -257.70111700572681)
107 (95.623624621780849, -353.32406714698482, -257.70044252520398)
108 (94.633018113878094, -352.33217060855321, -257.6991524946751)
109 (93.622238882934681, -351.32015563730198, -257.69791675436727)
110 (92.617936132002882, -350.31457257474813, -257.69663644274522)
111 (91.646935615776187, -349.34213497435809, -257.69519935858193)
112 (90.736516888275148, -348.43005989149685, -257.69354300322169)
113 (89.91209457199173, -347.60448048435234, -257.69238591236058)
114 (89.194653054645769, -346.88623615243802, -257.69158309779226)
115 (88.600713982449989, -346.29183708008662, -257.69112309763665)
116 (88.140352594256385, -345.83159525728985, -257.69124266303345)
117 (87.815664656811649, -345.50742589251774, -257.69176123570611)
118 (87.620588805885035, -345.31321702963135, -257.69262822374628)
119 (87.54164266404635, -345.23566259763305, -257.69401993358667)
120 (87.559771823385518, -345.25506914021327, -257.69529731682775)
121 (87.652193320039856, -345.3492108520586, -257.69701753201878)
122 (87.79423657239137, -345.49271896650566, -257.69848239411431)
123 (87.962272503709556, -345.66208609171127, -257.69981358800169)
124 (88.135563305362211, -345.83640133892158, -257.70083803355936)
125 (88.297912220638651, -345.99946756940545, -257.70155534876682)
126 (88.438011091983881, -346.14004491274022, -257.70203382075636)
127 (88.549254698385695, -346.25159798199047, -257.70234328360476)
128 (88.628341912678508, -346.33071633662217, -257.70237442394364)
129 (88.674590241587808, -346.37682388891102, -257.70223364732323)
130 (88.689877757719145, -346.39157141215196, -257.7016936544328)
131 (88.676282549240611, -346.37785705676856, -257.70157450752794)
132 (88.634842986030378, -346.33624518247473, -257.70140219644435)
133 (88.56653672719375, -346.26804189669633, -257.70150516950258)
134 (88.472111981887139, -346.17344923340431, -257.7013372515172)
135 (88.351072381231347, -346.05237477898584, -257.70130239775449)
136 (88.202394470316236, -345.90390553749643, -257.70151106718021)
137 (88.025835593623157, -345.72764421230926, -257.70180861868607)
138 (87.820906234015752, -345.52276673911706, -257.70186050510131)
139 (87.588005837866476, -345.28953875604577, -257.70153291817928)
140 (87.328209717593381, -345.02960130372196, -257.70139158612858)
141 (87.042370390767275, -344.74358366657822, -257.70121327581091)
142 (86.733028437126052, -344.43473044846439, -257.70170201133834)
143 (86.403191943039943, -344.1044588862099, -257.70126694316997)
144 (86.055114437752437, -343.75626622015147, -257.70115178239905)
145 (85.690900716874978, -343.39193426650934, -257.70103354963436)
146 (85.312786386690945, -343.01370526802663, -257.70091888133567)
147 (84.922762008336463, -342.62392846393527, -257.70116645559881)
148 (84.521606298706104, -342.22274826395198, -257.70114196524588)
149 (84.109503172323642, -341.81050921201194, -257.70100603968831)
150 (83.685487846124175, -341.3866527915589, -257.7011649454347)
151 (83.247523290911133, -340.94887418651348, -257.70135089560233)
152 (82.794983934507783, -340.49668797388051, -257.70170403937271)
153 (82.327455040015394, -340.02917058996013, -257.70171554994477)
154 (81.845217701578932, -339.54670014578215, -257.70148244420324)
155 (81.351147991248325, -339.05220153928661, -257.70105354803832)
156 (80.849297887269927, -338.54991268525077, -257.70061479798085)
157 (80.347049474355586, -338.04738286205384, -257.70033338769827)
158 (79.855988236984203, -337.55548350862659, -257.69949527164238)
159 (79.389829153093075, -337.08835692016908, -257.69852776707603)
160 (78.964985597112161, -336.66264428879691, -257.69765869168475)
161 (78.598975551072712, -336.295547088462, -257.69657153738927)
162 (78.309183021833874, -336.00447299276038, -257.69528997092652)
163 (78.111489916079364, -335.80591623242111, -257.69442631634172)
164 (78.018101887949612, -335.71212824075837, -257.69402635280875)
165 (78.035887037060164, -335.72997591910575, -257.69408888204561)
166 (78.165548158638813, -335.86018448331123, -257.69463632467239)
167 (78.400092419593889, -336.09557760338487, -257.69548518379099)
168 (78.726090724290387, -336.42327037401122, -257.69717964972085)
169 (79.124220530784086, -336.82300881408742, -257.69878828330332)
170 (79.569802252908488, -337.27036459167323, -257.70056233876471)
171 (80.03715414995122, -337.73920346568161, -257.70204931573039)
172 (80.501229219732267, -338.20468893094699, -257.70345971121469)
173 (80.93952429209385, -338.64423640233412, -257.70471211024028)
174 (81.335922216001336, -339.04117501671249, -257.70525280071115)
175 (81.68040123580289, -339.38590351356578, -257.70550227776289)
176 (81.969607691777696, -339.67483293906787, -257.70522524729017)
177 (82.207824396176562, -339.91243667513993, -257.7046122789634)
178 (82.405336683311972, -340.10886210320382, -257.70352541989183)
179 (82.577262304583371, -340.2800180317966, -257.70275572721323)
180 (82.740588668640768, -340.44182416549182, -257.70123549685104)
181 (82.911416310030447, -340.61161726821121, -257.70020095818074)
182 (83.10263973320788, -340.80228031179803, -257.69964057859016)
183 (83.321669174165905, -341.02144050971827, -257.69977133555238)
184 (83.568974189745362, -341.26902515155103, -257.70005096180569)
185 (83.838688049740824, -341.53925991812781, -257.70057186838699)
186 (84.119961524008247, -341.8214012817736, -257.70143975776534)
187 (84.397648356641426, -342.10012703901936, -257.70247868237794)
188 (84.655451422782662, -342.35888071003671, -257.70342928725404)
189 (84.876238665744594, -342.58075661461436, -257.70451794886975)
190 (85.043218467815947, -342.74872337342981, -257.70550490561385)
191 (85.143087882896396, -342.84915947105105, -257.70607158815466)
192 (85.1655918864559, -342.87230660208564, -257.70671471562974)
193 (85.101388402785531, -342.80838548455506, -257.70699708176954)
194 (84.943758560169641, -342.65096293324285, -257.70720437307318)
195 (84.690142425264412, -342.39727121285006, -257.70712878758565)
196 (84.342944814995477, -342.04937171647748, -257.70642690148202)
197 (83.908480421420563, -341.61455715150794, -257.70607673008737)
198 (83.396601756146936, -341.10191106752114, -257.70530931137421)
199 (82.823450292243052, -340.5272584550446, -257.70380816280158)
200 (82.210703095119143, -339.91299487753867, -257.70229178241954)
201 (81.58529528636609, -339.2855556975594, -257.70026041119331)
202 (80.979280697243638, -338.67730483022541, -257.6980241329818)
203 (80.427576077928876, -338.12338448158374, -257.69580840365484)
204 (79.966371902274204, -337.66005613084451, -257.69368422857031)
205 (79.630387205990544, -337.32216090085097, -257.69177369486044)
206 (79.449527178569966, -337.13984469313618, -257.69031751456623)
207 (79.446058614413843, -337.1356400781973, -257.68958146378344)
208 (79.632452281434297, -337.32161617335589, -257.68916389192157)
209 (80.008244614177784, -337.69834213734515, -257.69009752316737)
210 (80.559222667911726, -338.25086514090992, -257.69164247299818)
211 (81.259950751231656, -338.95392080205238, -257.69397005082072)
212 (82.075158139323349, -339.77186344521391, -257.69670530589053)
213 (82.963500927710314, -340.66294256030352, -257.69944163259322)
214 (83.88107949109849, -341.58317246059346, -257.70209296949497)
215 (84.785324022785929, -342.48982397003016, -257.70449994724424)
216 (85.638380009813119, -343.34472628373317, -257.70634627392008)
217 (86.409021900733777, -344.11685538850395, -257.70783348777019)
218 (87.073541087863973, -344.78223373021621, -257.70869264235222)
219 (87.617832626940682, -345.32741835679343, -257.70958572985273)
220 (88.034654870411316, -345.74448410923236, -257.70982923882104)
221 (88.321365628433455, -346.03073291301746, -257.709367284584)
222 (88.481655963988274, -346.19034082442926, -257.708684860441)
223 (88.52387847415622, -346.23194073369069, -257.70806225953447)
224 (88.459410411626507, -346.16686046136073, -257.70745004973423)
225 (88.300925604879822, -346.00773616471929, -257.70681055983948)
226 (88.060446691451233, -345.76662944275046, -257.70618275129925)
227 (87.749665988103132, -345.45541158318474, -257.70574559508162)
228 (87.379776403818923, -345.0850489744231, -257.70527257060417)
229 (86.961051776885796, -344.66616359813031, -257.70511182124449)
230 (86.503085468715838, -344.20789208843837, -257.70480661972255)
231 (86.013088605822006, -343.71752513610426, -257.70443653028224)
232 (85.49736586148272, -343.20140863301384, -257.70404277153114)
233 (84.963186543453261, -342.66725875684176, -257.70407221338849)
234 (84.416213240159195, -342.12014927382677, -257.70393603366756)
235 (83.861590198138416, -341.56539520503236, -257.70380500689396)
236 (83.304571465642923, -341.00815464889496, -257.70358318325202)
237 (82.749816707107513, -340.45323937541286, -257.70342266830534)
238 (82.202240601144524, -339.90552769540301, -257.70328709425849)
239 (81.666709779826007, -339.36991406439711, -257.70320428457109)
240 (81.1477546558922, -338.8506421661499, -257.70288751025771)
241 (80.650005611126105, -338.353056810966, -257.70305119983988)
242 (80.178486068008411, -337.88135749602179, -257.7028714280134)
243 (79.7374632755741, -337.44014734561858, -257.70268407004448)
244 (79.329879870101976, -337.03255622451167, -257.70267635440968)
245 (78.959051680464356, -336.6616213068599, -257.70256962639553)
246 (78.629162232615371, -336.33157287354896, -257.70241064093358)
247 (78.345143741679507, -336.04735918294142, -257.7022154412619)
248 (78.113604828995562, -335.81560939385525, -257.70200456485969)
249 (77.942741430545155, -335.6439260520043, -257.70118462145916)
250 (77.841790020808787, -335.54235230339356, -257.70056228258477)
251 (77.821626589121465, -335.52141608719745, -257.69978949807597)
252 (77.895476995588751, -335.59437785341316, -257.69890085782441)
253 (78.078095532369119, -335.77595805886415, -257.69786252649504)
254 (78.384651702115022, -336.08172958565655, -257.69707788354151)
255 (78.828626363114111, -336.52491548836815, -257.69628912525405)
256 (79.421732084722279, -337.11720015815621, -257.69546807343391)
257 (80.170781166622277, -337.86604342034514, -257.69526225372283)
258 (81.075887274909761, -338.77137268405016, -257.69548540914042)
259 (82.13211469749524, -339.82810491666891, -257.69599021917367)
260 (83.326972840286444, -341.02413399609992, -257.69716115581349)
261 (84.64133067890404, -342.33995096568026, -257.69862028677619)
262 (86.050881166892125, -343.75113774047929, -257.70025657358718)
263 (87.5271059254097, -345.22931926613592, -257.70221334072619)
264 (89.038826229531608, -346.74290823347877, -257.70408200394718)
265 (90.553025178579475, -348.25907987576539, -257.70605469718589)
266 (92.037133750540619, -349.74476366107842, -257.70762991053778)
267 (93.458176955284131, -351.16782930903804, -257.70965235375388)
268 (94.783417436285504, -352.49473201766659, -257.71131458138109)
269 (95.982869020634098, -353.69580239417957, -257.71293337354547)
270 (97.028119318434037, -354.7425567673647, -257.71443744893065)
271 (97.893301577710929, -355.60888302801453, -257.7155814503036)
272 (98.557311766354502, -356.27379297780647, -257.71648121145199)
273 (99.005248383892976, -356.7221301298913, -257.71688174599831)
274 (99.228294047975098, -356.94523544459793, -257.71694139662281)
275 (99.224913899693703, -356.94082063472302, -257.71590673502931)
276 (99.001877347631833, -356.71662774783141, -257.71475040019959)
277 (98.57308046250327, -356.28648973825818, -257.71340927575488)
278 (97.959789101183205, -355.67146731354177, -257.71167821235855)
279 (97.189785545018324, -354.89941851584035, -257.70963297082204)
280 (96.29575226674703, -354.0035048569755, -257.70775259022844)
281 (95.311908654793712, -353.01773531407912, -257.70582665928544)
282 (94.271247515343504, -351.97506947546776, -257.70382196012429)
283 (93.204381874293219, -350.90632788550909, -257.70194601121585)
284 (92.137433866943553, -349.83814885221648, -257.70071498527295)
285 (91.091489585486215, -348.7913468947591, -257.69985730927289)
286 (90.082695933724366, -347.78178482584775, -257.69908889212337)
287 (89.122163611154718, -346.82062265719077, -257.69845904603608)
288 (88.216611420238863, -345.91491471371756, -257.69830329347872)
289 (87.369185307376398, -345.06747376352496, -257.69828845614859)
290 (86.580869744056244, -344.27926420854578, -257.69839446448952)
291 (85.849445478678362, -343.54816206591596, -257.69871658723758)
292 (85.169397400058799, -342.8685456118086, -257.69914821174979)
293 (84.533316600144403, -342.23313022842029, -257.69981362827588)
294 (83.931285284490372, -341.63177471554053, -257.70048943105019)
295 (83.351215570602733, -341.05237636032842, -257.70116078972569)
296 (82.779263899894261, -340.48138895363473, -257.70212505374047)
297 (82.201615404077643, -339.90477684044259, -257.70316143636495)
298 (81.604976266833503, -339.30887672659884, -257.70390045976535)
299 (80.97664823332704, -338.68134578142781, -257.70469754810074)
300 (80.307090638705162, -338.01213481799704, -257.70504417929186)
301 (79.590997324404142, -337.29595686382009, -257.70495953941594)
302 (78.82702081229175, -336.53181620785926, -257.70479539556754)
303 (78.019080800303584, -335.72340735358853, -257.70432655328494)
304 (77.177190344210217, -334.88071291999506, -257.70352257578486)
305 (76.315715761480732, -334.01806642775858, -257.70235066627788)
306 (75.454062598855643, -333.15490780124986, -257.70084520239425)
307 (74.616283359593751, -332.31545319215763, -257.69916983256388)
308 (73.830081819520942, -331.52721161939428, -257.69712979987332)
309 (73.125687328199135, -330.82110951831754, -257.69542219011839)
310 (72.533197909265738, -330.22677000565471, -257.69357209638895)
311 (72.082022995407883, -329.77382477654072, -257.69180178113282)
312 (71.798455075351157, -329.48893642561336, -257.69048135026219)
313 (71.703322728631534, -329.3930559031441, -257.68973317451258)
314 (71.810253922171327, -329.49955623141847, -257.68930230924713)
315 (72.123359897367806, -329.81295588096145, -257.68959598359368)
316 (72.636237229723648, -330.32683092313954, -257.69059369341591)
317 (73.33265119867913, -331.02496255319085, -257.69231135451173)
318 (74.187441075986328, -331.88191985703065, -257.69447878104432)
319 (75.168384930896508, -332.8649898675389, -257.69660493664242)
320 (76.238844327246426, -333.93761889038831, -257.69877456314191)
321 (77.359843324143185, -335.06107656344955, -257.70123323930636)
322 (78.49314235441355, -336.19648918961587, -257.7033468352023)
323 (79.602502572836741, -337.30787522421468, -257.70537265137796)
324 (80.655171647867633, -338.36200929145377, -257.70683764358614)
325 (81.624734204426858, -339.33258789432529, -257.70785368989846)
326 (82.490833397625494, -340.19938884224678, -257.70855544462131)
327 (83.239193947995574, -340.94809312906472, -257.70889918106911)
328 (83.862281939750744, -341.57141786936512, -257.70913592961438)
329 (84.357102190415603, -342.06583196152621, -257.7087297711106)
330 (84.725253566261742, -342.43352553955941, -257.70827197329766)
331 (84.973076004893642, -342.68008023514432, -257.70700423025067)
332 (85.108875723763362, -342.81508807220428, -257.70621234844089)
333 (85.143499671130684, -342.84882158300485, -257.70532191187419)
334 (85.09084451952792, -342.79524338684155, -257.70439886731361)
335 (84.964938125865459, -342.6686345121197, -257.70369638625425)
336 (84.779247933906973, -342.4821897239313, -257.70294179002434)
337 (84.545936377567671, -342.24824931618019, -257.70231293861252)
338 (84.276043278610089, -341.97752967956592, -257.70148640095584)
339 (83.979718775724663, -341.68074897239489, -257.70103019667022)
340 (83.664939088211895, -341.36581999114952, -257.70088090293763)
341 (83.338703284544366, -341.03922000971329, -257.70051672516894)
342 (83.008224181731521, -340.70833015995203, -257.70010597822051)
343 (82.681703488933863, -340.38130708909671, -257.69960360016285)
344 (82.368879773641609, -340.06781749447958, -257.69893772083799)
345 (82.081982101741161, -339.78013670331933, -257.69815460157815)
346 (81.835754720500788, -339.53286172935151, -257.69710700885071)
347 (81.646540161911048, -339.34258412471019, -257.69604396279914)
348 (81.530691759745281, -339.22579909608157, -257.69510733633626)
349 (81.504230446131828, -339.1983283692698, -257.69409792313797)
350 (81.577598348298835, -339.27138867552765, -257.69379032722884)
351 (81.753799532702189, -339.44768305450742, -257.69388352180522)
352 (82.029776239886786, -339.72463832690892, -257.6948620870221)
353 (82.393655717183591, -340.08969754565703, -257.69604182847343)
354 (82.826723278709608, -340.52416656281986, -257.69744328411025)
355 (83.305883937258017, -341.0048965703121, -257.69901263305405)
356 (83.805078559037256, -341.50561624072714, -257.70053768168987)
357 (84.297727876069601, -341.99973001780438, -257.70200214173479)
358 (84.75919733896913, -342.4625807801101, -257.703383441141)
359 (85.167704283284792, -342.87193984459361, -257.70423556130879)
360 (85.505695480821871, -343.2107374410773, -257.70504196025541)
361 (85.759356120047357, -343.46488420515794, -257.70552808511059)
362 (85.918719008875314, -343.62452591121354, -257.70580690233822)
363 (85.979064578046859, -343.68506872365981, -257.70600414561295)
364 (85.938502098911357, -343.64450872167612, -257.70600662276479)
365 (85.797288377574915, -343.50295835577714, -257.7056699782022)
366 (85.559373510942763, -343.26463130955801, -257.70525779861526)
367 (85.232388601772428, -342.93759976556862, -257.70521116379621)
368 (84.826645356176556, -342.53108680032909, -257.70444144415251)
369 (84.355272504687491, -342.05881589741557, -257.70354339272808)
370 (83.835436772251384, -341.53807946124022, -257.70264268898882)
371 (83.28764573693131, -340.98916705352769, -257.70152131659637)
372 (82.734887456947035, -340.43487228812677, -257.69998483117973)
373 (82.200731019658207, -339.89933225386926, -257.69860123421108)
374 (81.709434206339068, -339.40643382250732, -257.69699961616823)
375 (81.285735922297164, -338.98130176851259, -257.69556584621546)
376 (80.952919551413103, -338.64715556895862, -257.69423601754551)
377 (80.731401215612252, -338.42465420507989, -257.69325298946762)
378 (80.638675276975789, -338.33116144170287, -257.69248616472709)
379 (80.689213765576355, -338.38148227116119, -257.69226850558482)
380 (80.892670359190433, -338.58459731422721, -257.69192695503676)
381 (81.255077859486761, -338.94722141608247, -257.69214355659574)
382 (81.779382460612624, -339.47131374479329, -257.69193128418067)
383 (82.46381108435753, -340.15548479937951, -257.69167371502198)
384 (83.3005590854996, -340.99299769844663, -257.69243861294706)
385 (84.276422033524753, -341.96994259186414, -257.6935205583394)
386 (85.373676123995622, -343.06842482055805, -257.69474869656244)
387 (86.569420070039754, -344.26521977588311, -257.69579970584334)
388 (87.835384228823571, -345.53294505932269, -257.69756083049913)
389 (89.141448174477304, -346.84093396610831, -257.69948579163099)
390 (90.457271448150763, -348.15768311814765, -257.70041166999687)
391 (91.751804469348713, -349.45370290943919, -257.70189844009047)
392 (92.997019711708774, -350.70023757666195, -257.70321786495316)
393 (94.16962218560947, -351.87380382731959, -257.70418164171014)
394 (95.251718573165675, -352.95676495041823, -257.70504637725253)
395 (96.230230354486054, -353.93565033623372, -257.7054199817477)
396 (97.096129374554167, -354.80153307330391, -257.70540369874976)
397 (97.845800057265421, -355.5510502665274, -257.70525020926198)
398 (98.479860920905665, -356.18454195007826, -257.7046810291726)
399 (99.002136141716136, -356.70655944563458, -257.70442330391847)
400 (99.418712641127044, -357.12270599391803, -257.70399335279097)
401 (99.736679423166166, -357.44017087644903, -257.70349145328288)
402 (99.963851775384654, -357.66665328404662, -257.70280150866199)
403 (100.10856222096039, -357.81069756082638, -257.702135339866)
404 (100.17955429723587, -357.88128786741015, -257.70173357017427)
405 (100.18470500443328, -357.88585761714779, -257.70115261271451)
406 (100.13049194935169, -357.8317001031113, -257.70120815375958)
407 (100.02234356883794, -357.72340643754194, -257.70106286870401)
408 (99.863850549921395, -357.56454415102689, -257.70069360110551)
409 (99.656173283606918, -357.35681063887023, -257.70063735526332)
410 (99.400109801105614, -357.10017028067278, -257.70006047956718)
411 (99.096459456185286, -356.79614902491448, -257.69968956872918)
412 (98.744361948465681, -356.4445566429809, -257.70019469451523)
413 (98.342258221708391, -356.0426313830219, -257.70037316131351)
414 (97.889700705606316, -355.59032332029733, -257.70062261469104)
415 (97.386142367082869, -355.08676328019743, -257.70062091311456)
416 (96.831118208956951, -354.53179632012188, -257.70067811116496)
417 (96.225748875445291, -353.92651555407809, -257.70076667863282)
418 (95.572285672836543, -353.27253122172829, -257.70024554889176)
419 (94.87357113038739, -352.57367420385617, -257.70010307346877)
420 (94.133255863439473, -351.83318920829299, -257.69993334485355)
421 (93.356990974407225, -351.05675123931593, -257.69976026490872)
422 (92.55196430926388, -350.25117053466153, -257.69920622539763)
423 (91.726907894035151, -349.42548731587385, -257.6985794218387)
424 (90.890812953768247, -348.58885053001273, -257.69803757624447)
425 (90.053467156782006, -347.75098149441919, -257.69751433763719)
426 (89.226947544329249, -346.92368313995439, -257.69673559562511)
427 (88.424403826732259, -346.12097269471553, -257.69656886798327)
428 (87.659673633638164, -345.35510410699737, -257.69543047335924)
429 (86.945303767290952, -344.63997104366047, -257.6946672763695)
430 (86.293260573228821, -343.98736340281408, -257.69410282958529)
431 (85.715221967822046, -343.4087317709309, -257.69350980310884)
432 (85.22141700618451, -342.91428744337139, -257.69287043718691)
433 (84.82061129928222, -342.51313528551282, -257.69252398623058)
434 (84.519010378911219, -342.21128808264973, -257.69227770373851)
435 (84.321140324923292, -342.01334580015975, -257.69220547523645)
436 (84.228982315812857, -341.92119413741261, -257.69221182159976)
437 (84.242264077100415, -341.93432865607366, -257.69206457897326)
438 (84.357463523692303, -342.04994867481867, -257.69248515112633)
439 (84.568390410272002, -342.26193007982943, -257.69353966955742)
440 (84.866272631819555, -342.56050993008085, -257.69423729826133)
441 (85.239035261215847, -342.93416049295013, -257.69512523173427)
442 (85.673572188135182, -343.36930184181074, -257.69572965367558)
443 (86.154056492802212, -343.85086454251575, -257.69680804971352)
444 (86.662535558992616, -344.36053762381584, -257.69800206482324)
445 (87.180160748468353, -344.87942794324607, -257.69926719477769)
446 (87.687882067278963, -345.38832541279567, -257.7004433455167)
447 (88.166159331581198, -345.86779765789294, -257.70163832631175)
448 (88.594829081469896, -346.29756715330024, -257.70273807183037)
449 (88.955861841264522, -346.65988418767762, -257.70402234641313)
450 (89.232414688043562, -346.93738477681075, -257.7049700887672)
451 (89.409640844766756, -347.11540383978115, -257.70576299501442)
452 (89.476830079736715, -347.18302055263825, -257.70619047290154)
453 (89.426268160951437, -347.13271523751558, -257.70644707656413)
454 (89.254247775002895, -346.96069761770229, -257.70644984269939)
455 (88.961687654832289, -346.66789678397816, -257.70620912914586)
456 (88.554461986064425, -346.26011523622577, -257.70565325016133)
457 (88.04213376671035, -345.74677726608934, -257.70464349937902)
458 (87.437400802967744, -345.14099179477142, -257.70359099180371)
459 (86.757101235533639, -344.45987114106759, -257.70276990553396)
460 (86.02011134968771, -343.72162391917448, -257.70151256948679)
461 (85.24588586816995, -342.94615092772358, -257.70026505955366)
462 (84.455786676706595, -342.15389800514868, -257.69811132844211)
463 (83.669666627720801, -341.36714500467417, -257.69747837695337)
464 (82.903295222377139, -340.60031213400333, -257.69701691162618)
465 (82.168807333937096, -339.86531439260813, -257.69650705867105)
466 (81.475077457632622, -339.17127315379616, -257.69619569616356)
467 (80.827925070347618, -338.52439866121148, -257.69647359086389)
468 (80.229760575764232, -337.9263789543345, -257.69661837857029)
469 (79.681410960006076, -337.37838817486011, -257.69697721485403)
470 (79.181636086351389, -336.87880037558858, -257.69716428923721)
471 (78.728457025315961, -336.42570553951884, -257.6972485142029)
472 (78.322077198220356, -336.01918201328226, -257.69710481506189)
473 (77.963570219919845, -335.66082322986983, -257.69725300994997)
474 (77.65402562343337, -335.35106977555859, -257.69704415212522)
475 (77.395213336591041, -335.09228386537814, -257.69707052878709)
476 (77.188304237955009, -334.885372103137, -257.69706786518202)
477 (77.033259618009481, -334.73013160410989, -257.6968719861004)
478 (76.928751919964697, -334.62568986022279, -257.69693794025807)
479 (76.871795546658689, -334.56908441590679, -257.6972888692481)
480 (76.858560175914789, -334.55628446533888, -257.69772428942406)
481 (76.88354048873947, -334.58179126571724, -257.69825077697777)
482 (76.940088447050996, -334.63878470484195, -257.69869625779097)
483 (77.021626540005215, -334.7207889511015, -257.69916241109627)
484 (77.121829598925572, -334.82160809702617, -257.69977849810061)
485 (77.234427796101428, -334.93450755122137, -257.70007975511993)
486 (77.352834852689753, -335.05322158025643, -257.70038672756669)
487 (77.47132612079514, -335.17191689075355, -257.70059076995841)
488 (77.585693339000017, -335.28660617047234, -257.70091283147235)
489 (77.692211649540383, -335.39356919909545, -257.70135754955504)
490 (77.787258702930089, -335.48877728321116, -257.70151858028106)
491 (77.868957289088485, -335.57071505998942, -257.70175777090094)
492 (77.935087974990935, -335.63687518816852, -257.70178721317757)
493 (77.982674805213236, -335.68437349132148, -257.70169868610822)
494 (78.010196242753025, -335.71205738658171, -257.70186114382869)
495 (78.015977006473918, -335.71797540096344, -257.70199839448952)
496 (77.998330332115302, -335.70041062750465, -257.70208029538935)
497 (77.956145216889666, -335.65832622271807, -257.70218100582838)
498 (77.888911175488317, -335.59165121807195, -257.70274004258363)
499 (77.795250324006574, -335.49811487739748, -257.7028645533909)
500 (77.673672633324458, -335.37656560710616, -257.70289297378167)
501 (77.524275825161524, -335.22702275773651, -257.702746932575)
502 (77.347810408659726, -335.0508358678477, -257.70302545918798)
503 (77.144819571462676, -334.84804944230785, -257.70322987084518)
504 (76.915935291820588, -334.6191446879244, -257.70320939610383)
505 (76.663091131910306, -334.36630536278398, -257.70321423087364)
506 (76.389424921181913, -334.09239671251646, -257.70297179133456)
507 (76.09900938484364, -333.80177303725361, -257.70276365241)
508 (75.797310344771361, -333.49975186285621, -257.70244151808487)
509 (75.491655255491253, -333.1936952935244, -257.70204003803315)
510 (75.190803395821462, -332.89245252084942, -257.70164912502798)
511 (74.904877294956535, -332.60605764440282, -257.7011803494463)
512 (74.646039383907492, -332.34637265315888, -257.70033326925136)
513 (74.427961257353616, -332.1271149122831, -257.69915365492949)
514 (74.264194349366193, -331.9624301634355, -257.69823581406933)
515 (74.168391083192233, -331.8657120393047, -257.69732095611243)
516 (74.154540165967347, -331.8510028604851, -257.69646269451778)
517 (74.235583445024204, -331.93135975096709, -257.6957763059429)
518 (74.422968875159299, -332.11828647480598, -257.69531759964667)
519 (74.725072442420952, -332.4198089105534, -257.69473646813242)
520 (75.146552526813622, -332.84109266096544, -257.69454013415179)
521 (75.689208485029894, -333.38427368382401, -257.69506519879411)
522 (76.351275092834328, -334.04684866271037, -257.69557356987605)
523 (77.126031854482861, -334.82209132713177, -257.69605947264893)
524 (78.003495230319459, -335.69995618626945, -257.69646095594999)
525 (78.970374349681904, -336.66760014681535, -257.69722579713346)
526 (80.009777015218134, -337.7079844371134, -257.69820742189529)
527 (81.102197425092541, -338.80162280642992, -257.69942538133739)
528 (82.225681859524244, -339.92668966106822, -257.70100780154399)
529 (83.357195099180785, -341.05951597443817, -257.70232087525739)
530 (84.473183151544831, -342.17678079117121, -257.70359763962637)
531 (85.551210512816581, -343.25627612848467, -257.7050656156681)
532 (86.570688739214233, -344.27701740206066, -257.70632866284643)
533 (87.513777135732127, -345.2207698637705, -257.70699272803836)
534 (88.365564363123028, -346.07317559178443, -257.70761122866139)
535 (89.113261087670836, -346.82123376856094, -257.70797268089012)
536 (89.749710288852938, -347.45759323081944, -257.70788294196649)
537 (90.270973319615393, -347.9787314658916, -257.70775814627621)
538 (90.674893289526679, -348.38245026352826, -257.70755697400159)
539 (90.96413984860996, -348.67095301711578, -257.70681316850585)
540 (91.143515167318782, -348.84982760177013, -257.70631243445132)
541 (91.219277092794442, -348.92497409694982, -257.70569700415535)
542 (91.200006399497596, -348.90501253534666, -257.70500613584909)
543 (91.094835889094526, -348.79919423143576, -257.70435834234127)
544 (90.91362623026275, -348.61702583676032, -257.70339960649756)
545 (90.666509915085854, -348.36875459391689, -257.70224467883105)
546 (90.362310132975892, -348.06395903429689, -257.70164890132099)
547 (90.010296855493664, -347.71173043171206, -257.70143357621839)
548 (89.62008024831924, -347.32086197563473, -257.70078172731547)
549 (89.201711254447432, -346.90195029180279, -257.70023903735535)
550 (88.766678780405087, -346.46636591582461, -257.69968713541954)
551 (88.325385483280741, -346.02444807142587, -257.69906258814513)
552 (87.887643387962456, -345.58599815077065, -257.69835476280821)
553 (87.464992138133482, -345.16275447343043, -257.69776233529694)
554 (87.068812522139112, -344.76590151170865, -257.69708898956952)
555 (86.711375187541307, -344.40740407200212, -257.69602888446082)
556 (86.403160780557897, -344.09863087858685, -257.69547009802898)
557 (86.15163340242438, -343.84668637439916, -257.69505297197475)
558 (85.964483541512664, -343.65919206967982, -257.69470852816715)
559 (85.847433238914633, -343.54218541750708, -257.69475217859247)
560 (85.803495642595138, -343.49813093284064, -257.69463529024551)
561 (85.834343153000489, -343.52950472946242, -257.69516157646194)
562 (85.938620927150552, -343.63463900426461, -257.69601807711405)
563 (86.11003606709879, -343.80654414586706, -257.69650807876826)
564 (86.340279997087336, -344.03743826130238, -257.69715826421503)
565 (86.620375346485631, -344.31822427205566, -257.69784892557004)
566 (86.939567307406918, -344.63817918620026, -257.69861187879337)
567 (87.286730672961781, -344.98600915658409, -257.69927848362232)
568 (87.65041478448974, -345.35041191778515, -257.69999713329543)
569 (88.019071821442054, -345.71949763343378, -257.70042581199175)
570 (88.383083705481084, -346.08431218996657, -257.70122848448545)
571 (88.733653444142547, -346.43529434511072, -257.70164090096819)
572 (89.064229291013234, -346.76596017091111, -257.70173087989787)
573 (89.371759649919824, -347.07333034616443, -257.70157069624463)
574 (89.655287319351217, -347.35690003523456, -257.70161271588336)
575 (89.916778571285221, -347.61837446888057, -257.70159589759533)
576 (90.160357381537608, -347.8615501636308, -257.70119278209319)
577 (90.390777994476792, -348.09153844407416, -257.7007604495974)
578 (90.613865703289122, -348.31415277092179, -257.70028706763264)
579 (90.836230165025725, -348.53595715220763, -257.69972698718192)
580 (91.065230095428845, -348.76447873380039, -257.69924863837156)
581 (91.307011232780383, -349.0058346484692, -257.69882341568882)
582 (91.565385983911256, -349.26395431386948, -257.69856832995822)
583 (91.84283702685515, -349.54139405688369, -257.69855703002855)
584 (92.139957685139422, -349.83850157511631, -257.69854388997692)
585 (92.455216958063161, -350.15381243651677, -257.69859547845363)
586 (92.784929846325539, -350.48364384416016, -257.6987139978346)
587 (93.124924078589501, -350.82367954869659, -257.69875547010707)
588 (93.468022868912669, -351.16723996855274, -257.69921709964007)
589 (93.804841046646004, -351.50469469132923, -257.69985364468323)
590 (94.127150636909207, -351.82780941362847, -257.70065877671925)
591 (94.426462711737543, -352.12764921827301, -257.70118650653546)
592 (94.695356310705108, -352.39691450009889, -257.70155818939378)
593 (94.927285640957436, -352.62900842926609, -257.70172278830864)
594 (95.116285055571524, -352.81819859867733, -257.70191354310577)
595 (95.258129634186034, -352.96050756997045, -257.7023779357844)
596 (95.34991747909821, -353.0525603121626, -257.70264283306437)
597 (95.389537656691488, -353.09224090293418, -257.70270324624266)
598 (95.376323217523989, -353.07899363569283, -257.70267041816885)
599 (95.310625254342042, -353.0132736863232, -257.70264843198117)
600 (95.193667875240692, -352.89625133902189, -257.7025834637812)
601 (95.027604392001322, -352.7301504317976, -257.70254603979629)
602 (94.814602487809026, -352.51701703866814, -257.70241455085909)
603 (94.557192089142163, -352.25940355737112, -257.70221146822894)
604 (94.258299077536918, -351.9603959159266, -257.70209683838971)
605 (93.92131708402836, -351.62329897158742, -257.70198188755904)
606 (93.549794325090843, -351.25188991787059, -257.70209559277976)
607 (93.147117996101684, -350.84948187565914, -257.70236387955742)
608 (92.716854562723242, -350.41919832874584, -257.70234376602258)
609 (92.263275727505288, -349.96522866892803, -257.70195294142275)
610 (91.79076135222418, -349.49281269254323, -257.70205134031903)
611 (91.303524773489713, -349.0048712375052, -257.7013464640155)
612 (90.806914831659157, -348.50799939187976, -257.70108456022058)
613 (90.307514776561845, -348.00778681830701, -257.70027204174517)
614 (89.812258309378265, -347.51186687337099, -257.69960856399274)
615 (89.328737655195027, -347.02782453669295, -257.69908688149792)
616 (88.866469829660019, -346.56472949528865, -257.6982596656286)
617 (88.434858082228061, -346.13260077816017, -257.69774269593211)
618 (88.043329100108991, -345.74032833671538, -257.69699923660642)
619 (87.700719520552468, -345.39766351110245, -257.69694399054998)
620 (87.413195992165598, -345.10978153478328, -257.6965855426177)
621 (87.185970220410411, -344.88241582937059, -257.69644560896018)
622 (87.022359073435396, -344.71906893961432, -257.69670986617894)
623 (86.922497483639873, -344.61943514949871, -257.69693766585885)
624 (86.884387626726408, -344.58172554649747, -257.69733791977103)
625 (86.90463017621488, -344.60269372880765, -257.69806355259277)
626 (86.977980484486736, -344.67627006127879, -257.69828957679204)
627 (87.097502462183343, -344.79629286749201, -257.69879040530867)
628 (87.256699398900352, -344.9559990623797, -257.69929966347934)
629 (87.451156587728576, -345.15085298282372, -257.69969639509515)
630 (87.678150647899244, -345.37785917175836, -257.6997085238591)
631 (87.937151867918146, -345.63676827788277, -257.69961640996462)
632 (88.231541939121044, -345.93076239871067, -257.69922045958964)
633 (88.567823111002198, -346.26661660240364, -257.69879349140143)
634 (88.953060096070175, -346.65121190919677, -257.69815181312663)
635 (89.394332642950204, -347.09187811367161, -257.69754547072142)
636 (89.898085295165231, -347.59543634793874, -257.69735105277351)
637 (90.466592239004598, -348.1640444831412, -257.69745224413657)
638 (91.09788736977319, -348.79583798592887, -257.69795061615571)
639 (91.785721505642769, -349.48412959199004, -257.69840808634729)
640 (92.518603866183824, -350.21805016523456, -257.69944629905075)
641 (93.281620487341158, -350.98212018779066, -257.70049970044948)
642 (94.057871172985415, -351.75944296514024, -257.70157179215482)
643 (94.829481326226059, -352.5320140516979, -257.70253272547183)
644 (95.57922080558383, -353.28230434834688, -257.70308354276307)
645 (96.290569941621669, -353.99442048472406, -257.70385054310236)
646 (96.947963573302715, -354.65269629522271, -257.70473272191998)
647 (97.537984137333055, -355.24332018125955, -257.70533604392648)
648 (98.048813197069364, -355.75453297336225, -257.70571977629288)
649 (98.469815177454407, -356.17601045914591, -257.70619528169152)
650 (98.791919996332808, -356.49850493219867, -257.70658493586586)
651 (99.008365940721077, -356.7151693380103, -257.70680339728921)
652 (99.114525208374047, -356.82156434555196, -257.7070391371779)
653 (99.107786590261611, -356.81506659461706, -257.70728000435543)
654 (98.988769109180396, -356.69572967165578, -257.70696056247539)
655 (98.760784413568132, -356.46748229160494, -257.70669787803683)
656 (98.429820999183647, -356.13592922402512, -257.7061082248415)
657 (98.006634470603544, -355.71198819214499, -257.70535372154143)
658 (97.504952370643991, -355.20925375940692, -257.70430138876293)
659 (96.940756734957162, -354.64397339272176, -257.70321665776459)
660 (96.333501157232803, -354.03529728813629, -257.70179613090352)
661 (95.703237695247338, -353.40369761123833, -257.70045991599102)
662 (95.070088079805359, -352.76922024758733, -257.69913216778195)
663 (94.454946132130587, -352.15289669756817, -257.69795056543757)
664 (93.877068546205066, -351.57394089357763, -257.69687234737256)
665 (93.352892677469498, -351.0489472944825, -257.69605461701303)
666 (92.896603243868626, -350.59211928653059, -257.69551604266195)
667 (92.518692863036819, -350.21415765122049, -257.6954647881837)
668 (92.224689668577412, -349.92007842071149, -257.69538875213408)
669 (92.015880438792877, -349.71138848329366, -257.6955080445008)
670 (91.889496298720189, -349.58548977267424, -257.69599347395405)
671 (91.839234100873014, -349.5357979524519, -257.6965638515789)
672 (91.855311003753428, -349.55255799534274, -257.69724699158928)
673 (91.924438363365667, -349.6227077034298, -257.69826934006414)
674 (92.031181403843135, -349.73048755849362, -257.69930615465046)
675 (92.158452264757486, -349.85904593544842, -257.70059367069092)
676 (92.28758604067707, -349.9893965069603, -257.70181046628323)
677 (92.400364563070426, -350.10327527926893, -257.70291071619852)
678 (92.479275806885809, -350.18326503183323, -257.70398922494741)
679 (92.507550682554637, -350.21244996559574, -257.70489928304107)
680 (92.473353932947745, -350.17889550626347, -257.70554157331571)
681 (92.366909071823301, -350.07314045312415, -257.70623138130088)
682 (92.180137533216126, -349.88648518907513, -257.70634765585902)
683 (91.910482758877279, -349.61667888489166, -257.70619612601439)
684 (91.559917682400254, -349.26573641406156, -257.70581873166134)
685 (91.134416292406186, -348.83960343475172, -257.70518714234555)
686 (90.643387740129612, -348.34775292609032, -257.70436518596068)
687 (90.099343814965792, -347.80273508290054, -257.70339126793476)
688 (89.516797933482536, -347.21915442581462, -257.70235649233211)
689 (88.91132115334031, -346.61260186727793, -257.70128071393765)
690 (88.299355726386935, -345.9996109919424, -257.70025526555548)
691 (87.697942452324781, -345.39733921607143, -257.69939676374668)
692 (87.123373708691275, -344.82199609855741, -257.69862238986616)
693 (86.591292940146872, -344.2890698346493, -257.69777689450245)
694 (86.115391915226823, -343.81240343072665, -257.69701151549981)
695 (85.707726833985348, -343.40367766458388, -257.69595083059852)
696 (85.378467849556841, -343.07395503422509, -257.69548718466825)
697 (85.134975127334684, -342.83013070785245, -257.69515558051773)
698 (84.982779798312677, -342.67766601418015, -257.69488621586748)
699 (84.925150360509704, -342.61989466591689, -257.6947443054072)
700 (84.962050617896253, -342.65693351040204, -257.6948828925058)
701 (85.090749700683901, -342.78606859400804, -257.69531889332416)
702 (85.30648778107431, -343.00243578924926, -257.69594800817492)
703 (85.601381864383868, -343.2978503302582, -257.69646846587432)
704 (85.965793833265579, -343.66277949931356, -257.69698566604796)
705 (86.388853164917833, -344.08653727211271, -257.69768410719485)
706 (86.858517328540742, -344.55693192584158, -257.69841459730083)
707 (87.36300058371495, -345.06212025266535, -257.6991196689504)
708 (87.891162760326367, -345.5907211992016, -257.69955843887521)
709 (88.433282840008445, -346.13336220147096, -257.70007936146249)
710 (88.981821379889055, -346.68185215197667, -257.70003077208764)
711 (89.529788545671252, -347.22998170629103, -257.70019316061979)
712 (90.072624374903924, -347.77278416711101, -257.7001597922071)
713 (90.608912760659962, -348.30899737330031, -257.70008461264035)
714 (91.138745212404586, -348.83861058610347, -257.69986537369891)
715 (91.664915976124234, -349.36489144346137, -257.69997546733714)
716 (92.190807653195506, -349.89055587463059, -257.69974822143507)
717 (92.719102785660652, -350.41873568479224, -257.69963289913159)
718 (93.252106576688874, -350.9515292337673, -257.69942265707846)
719 (93.790825347750129, -351.49017044371868, -257.69934509596857)
720 (94.335624825870013, -352.03493884993173, -257.69931402406172)
721 (94.884868263599586, -352.58389049894095, -257.69902223534137)
722 (95.432557810159778, -353.13224073976107, -257.69968292960129)
723 (95.969506927660149, -353.66982632949805, -257.70031940183787)
724 (96.485306908792893, -354.186317073807, -257.70101016501411)
725 (96.969275069924706, -354.6703317241255, -257.70105665420078)
726 (97.408839353869212, -355.11068298491745, -257.70184363104823)
727 (97.790997235306321, -355.49416802163086, -257.70317078632456)
728 (98.104515312821604, -355.80862608913793, -257.70411077631633)
729 (98.338927108116408, -356.04347277750054, -257.70454566938412)
730 (98.485080954554618, -356.19006933409537, -257.70498837954074)
731 (98.535936750910025, -356.24116297184668, -257.70522622093665)
732 (98.488164018128117, -356.1934855647803, -257.70532154665216)
733 (98.341498564156822, -356.04665780825144, -257.7051592440946)
734 (98.098359533866159, -355.80311915145273, -257.70475961758655)
735 (97.765653627436407, -355.46967386782813, -257.70402024039174)
736 (97.352446774985481, -355.05577388867806, -257.70332711369258)
737 (96.869835327585179, -354.57246212944642, -257.70262680186124)
738 (96.332228816803806, -354.03379963089554, -257.70157081409172)
739 (95.756207219087045, -353.45742074077162, -257.70121352168456)
740 (95.158899078578898, -352.85879691082005, -257.69989783224116)
741 (94.556983841811657, -352.25581639962638, -257.69883255781474)
742 (93.967246534270245, -351.66549252924113, -257.69824599497088)
743 (93.40418504355155, -351.10216061558634, -257.69797557203481)
744 (92.878070602456731, -350.57564637355563, -257.69757577109891)
745 (92.396032680335267, -350.09343113955077, -257.69739845921549)
746 (91.962141517749302, -349.6599730610975, -257.69783154334823)
747 (91.576794990975586, -349.27503043152234, -257.69823544054674)
748 (91.23692665249861, -348.93572814683159, -257.698801494333)
749 (90.936710231675306, -348.63608499039464, -257.69937475871933)
750 (90.670134581619777, -348.37004264367943, -257.69990806205965)
751 (90.430564489337414, -348.13108750452426, -257.70052301518683)
752 (90.211349665432209, -347.91213505961082, -257.70078539417864)
753 (90.008398444608574, -347.70925709820744, -257.70085865359886)
754 (89.819066601977724, -347.52007538438346, -257.70100878240572)
755 (89.642222696601848, -347.34315349752529, -257.70093080092346)
756 (89.478307036221878, -347.17912004664453, -257.70081301042262)
757 (89.328846627480274, -347.02987768369724, -257.70103105621695)
758 (89.19451805870176, -346.89549641941727, -257.70097836071551)
759 (89.075187109825336, -346.77589299634775, -257.70070588652243)
760 (88.970591069513048, -346.67151329958381, -257.70092223007077)
761 (88.878591310221964, -346.57955970436092, -257.70096839413895)
762 (88.796531656828705, -346.49769083935416, -257.70115918252543)
763 (88.721832136032674, -346.42319328739512, -257.70136115136245)
764 (88.652918837144924, -346.3540396726948, -257.70112083554989)
765 (88.587301220098411, -346.28843556477051, -257.70113434467208)
766 (88.52241937946107, -346.22348813547922, -257.70106875601812)
767 (88.457238634027533, -346.15823307387251, -257.70099443984498)
768 (88.390577454680482, -346.09154326778139, -257.70096581310088)
769 (88.321520549728277, -346.02259259051908, -257.70107204079079)
770 (88.248554485827512, -345.94983467298459, -257.70128018715707)
771 (88.1691320646853, -345.87066973763154, -257.70153767294624)
772 (88.078923504682976, -345.78081118789771, -257.70188768321475)
773 (87.972144049837439, -345.67446584546673, -257.7023217956293)
774 (87.842634504872805, -345.54504321273066, -257.70240870785784)
775 (87.683321431749192, -345.38638130368861, -257.70305987193944)
776 (87.486895053928109, -345.19029755821219, -257.7034025042841)
777 (87.24627153715322, -344.95003207571477, -257.70376053856154)
778 (86.956008908762811, -344.65996760240012, -257.70395869363733)
779 (86.61289779754749, -344.31697722111846, -257.70407942357099)
780 (86.216275129142161, -343.92042205738386, -257.7041469282417)
781 (85.768597259352475, -343.47248613563107, -257.7038888762786)
782 (85.27518699765983, -342.9785550029448, -257.70336800528497)
783 (84.744415021987635, -342.44720160709016, -257.70278658510256)
784 (84.186793984765927, -341.88885498235572, -257.7020609975898)
785 (83.615388128130419, -341.31651473349604, -257.70112660536563)
786 (83.044352674484543, -340.74453691904307, -257.7001842445585)
787 (82.488081666137973, -340.18751177846957, -257.69943011233158)
788 (81.961299078411457, -339.65961945746801, -257.69832037905655)
789 (81.47750773491407, -339.1751164997645, -257.69760876485043)
790 (81.049658143393231, -338.74622632048249, -257.69656817708926)
791 (80.689122099049925, -338.38504191848699, -257.69591981943705)
792 (80.40374607363411, -338.09922818829205, -257.69548211465792)
793 (80.199570101322706, -337.8948457899495, -257.69527568862679)
794 (80.079994532617974, -337.77536764636773, -257.69537311374972)
795 (80.044988356757898, -337.74050303165541, -257.69551467489748)
796 (80.0924307898226, -337.78855137309768, -257.69612058327505)
797 (80.217698208916616, -337.91440448174848, -257.69670627283188)
798 (80.413295707100303, -338.11065843630718, -257.69736272920687)
799 (80.670308442716333, -338.36831944310057, -257.69801100038421)
800 (80.978767126049732, -338.6768388856832, -257.69807175963348)
801 (81.326770409971672, -339.02556781415126, -257.69879740417957)
802 (81.701519858645312, -339.40115549205774, -257.69963563341241)
803 (82.091278811478446, -339.79147436013437, -257.70019554865593)
804 (82.485493125528592, -340.18589495955626, -257.70040183402767)
805 (82.873038940033013, -340.5741397192993, -257.70110077926631)
806 (83.242909502964366, -340.94465907771405, -257.70174957474967)
807 (83.58742301280482, -341.28870216669355, -257.70127915388872)
808 (83.900336316118484, -341.60208150166693, -257.70174518554848)
809 (84.177048699145857, -341.87882040557218, -257.70177170642631)
810 (84.416376865429825, -342.11803580020808, -257.70165893477827)
811 (84.619414803820476, -342.32075242179246, -257.701337617972)
812 (84.790121671571669, -342.4910263762921, -257.70090470472041)
813 (84.935884282697117, -342.63618563875843, -257.70030135606135)
814 (85.067218311878108, -342.76670179381313, -257.69948348193503)
815 (85.198176393031005, -342.89647439260096, -257.69829799956995)
816 (85.344125017990422, -343.0413609983591, -257.69723598036865)
817 (85.520117070919994, -343.21616572918225, -257.69604865826227)
818 (85.739680221951076, -343.43497208524002, -257.69529186328896)
819 (86.013478248742786, -343.70871916342475, -257.69524091468196)
820 (86.347700713835238, -344.04283130922295, -257.6951305953877)
821 (86.741997106408292, -344.43752592004103, -257.69552881363273)
822 (87.190657459222081, -344.88737051536327, -257.69671305614122)
823 (87.680728616644629, -345.37848139291918, -257.69775277627457)
824 (88.193150743371973, -345.8921797043032, -257.69902896093123)
825 (88.706620052828811, -346.406994291974, -257.70037423914516)
826 (89.199225474795028, -346.9006022843094, -257.70137680951439)
827 (89.650626074019328, -347.3526115518801, -257.70198547786077)
828 (90.044074701308034, -347.74650238870032, -257.70242768739229)
829 (90.367303591291616, -348.07011483371775, -257.70281124242615)
830 (90.613502857175703, -348.31625080239473, -257.70274794521902)
831 (90.78253167992051, -348.48504197904811, -257.7025102991276)
832 (90.878366055084626, -348.5801858777761, -257.7018198226915)
833 (90.908415379271759, -348.60938277869144, -257.70096739941971)
834 (90.884010165573102, -348.5839023187512, -257.6998921531781)
835 (90.818735607849987, -348.5180753322752, -257.69933972442522)
836 (90.726887985948139, -348.42536121127267, -257.69847322532451)
837 (90.62252695923334, -348.32029130316744, -257.69776434393407)
838 (90.517861195003434, -348.21485779865782, -257.69699660365438)
839 (90.422717635835113, -348.11898696297914, -257.69626932714402)
840 (90.345391653457199, -348.04188301252788, -257.69649135907071)
841 (90.290689524505581, -347.98730943040408, -257.6966199058985)
842 (90.259677722515121, -347.95650504907144, -257.69682732655633)
843 (90.251350892106757, -347.94839520615307, -257.69704431404631)
844 (90.262038434710433, -347.95958573893705, -257.69754730422665)
845 (90.285797963195449, -347.98398425829248, -257.698186295097)
846 (90.314999726533188, -348.01366298436454, -257.69866325783136)
847 (90.341348356362133, -348.04066807382458, -257.69931971746246)
848 (90.356582008404118, -348.05643617224342, -257.69985416383929)
849 (90.35287034054079, -348.05323445432379, -257.700364113783)
850 (90.32388974833485, -348.02453444201541, -257.70064469368054)
851 (90.264996978184016, -347.96596044848178, -257.70096347029778)
852 (90.172861084946263, -347.87391835945124, -257.70105727450499)
853 (90.045225434070801, -347.74636653326797, -257.70114109919717)
854 (89.88168626147025, -347.58278369097712, -257.70109742950689)
855 (89.684050076323928, -347.38520670844815, -257.70115663212425)
856 (89.454847319664566, -347.15578549786846, -257.7009381782039)
857 (89.196899741327172, -346.89758242994543, -257.70068268861826)
858 (88.91395106249297, -346.61448705041374, -257.70053598792077)
859 (88.610001419742304, -346.31012157615476, -257.70012015641248)
860 (88.288642909564047, -345.98851851298764, -257.69987560342361)
861 (87.952514824622966, -345.65227050621468, -257.69975568159168)
862 (87.604055683271511, -345.30381104425646, -257.69975536098497)
863 (87.245939492319508, -344.94550655149936, -257.69956705917986)
864 (86.880460414450837, -344.58003621491264, -257.69957580046179)
865 (86.51025648916611, -344.20967996921354, -257.69942348004741)
866 (86.138355037030337, -343.83751144379306, -257.69915640676271)
867 (85.768426363554681, -343.46722400653334, -257.69879764297866)
868 (85.40630453968565, -343.10428379842557, -257.69797925873991)
869 (85.059199142521237, -342.75625709602571, -257.69705795350444)
870 (84.734019915655523, -342.43069947464301, -257.69667955898751)
871 (84.43726368116431, -342.1334186116195, -257.69615493045518)
872 (84.176168425128466, -341.87179996434099, -257.69563153921251)
873 (83.958326677240294, -341.65349839878519, -257.69517172154491)
874 (83.791228995476516, -341.48612285717701, -257.69489386170051)
875 (83.681278951633359, -341.3758264779226, -257.69454752628923)
876 (83.633454889150713, -341.32750804771297, -257.69405315856227)
877 (83.651483142066112, -341.3453308808796, -257.69384773881347)
878 (83.73787779659915, -341.43167696297826, -257.69379916637911)
879 (83.89382809419169, -341.58759517547537, -257.69376708128368)
880 (84.119914651590747, -341.81342150417794, -257.69350685258718)
881 (84.414733150563208, -342.10868738190482, -257.69395423134159)
882 (84.773716853483748, -342.46809239084683, -257.6943755373631)
883 (85.191456321944074, -342.88631467589965, -257.69485835395557)
884 (85.662057316465379, -343.35718164544966, -257.69512432898426)
885 (86.178690431758724, -343.87408379625072, -257.69539336449202)
886 (86.733082842968358, -344.42907518232158, -257.69599233935321)
887 (87.316015319953493, -345.01257151250621, -257.69655619255275)
888 (87.918088233991796, -345.61516493489609, -257.69707670090429)
889 (88.529654218375853, -346.22725872880858, -257.69760451043271)
890 (89.141091011226408, -346.83928871781364, -257.69819770658722)
891 (89.742890748375061, -347.44163300226512, -257.69874225389003)
892 (90.325516400360584, -348.02475650937845, -257.69924010901786)
893 (90.879262879199246, -348.5790361632524, -257.69977328405315)
894 (91.395347561466565, -349.09529780349368, -257.69995024202711)
895 (91.86481996065389, -349.56516956364061, -257.70034960298671)
896 (92.279219575491695, -349.97976350637356, -257.70054393088185)
897 (92.631548352539838, -350.33252419763738, -257.70097584509756)
898 (92.913259456664221, -350.61463775883874, -257.70137830217453)
899 (93.115922893889575, -350.81759507921885, -257.70167218532924)
900 (93.23360883344202, -350.93558884295828, -257.70198000951626)
901 (93.26193193349836, -350.96407276136472, -257.70214082786634)
902 (93.198417481633342, -350.90084866621703, -257.7024311845837)
903 (93.043034258403608, -350.74577670962009, -257.70274245121647)
904 (92.79894881022048, -350.50177462193307, -257.70282581171261)
905 (92.470463747657348, -350.1733885704723, -257.70292482281496)
906 (92.063051249562037, -349.7654852599556, -257.70243401039357)
907 (91.586622755379409, -349.28829719595228, -257.7016744405729)
908 (91.054926230468638, -348.75596716040423, -257.70104092993557)
909 (90.484503334727535, -348.1838411645445, -257.69933782981695)
910 (89.89287617804321, -347.59098052712557, -257.69810434908237)
911 (89.298913389457866, -346.99574385661487, -257.69683046715699)
912 (88.721948274203086, -346.41772703330639, -257.69577875910329)
913 (88.180088135450077, -345.87485240623209, -257.694764270782)
914 (87.690556954002332, -345.38510931707452, -257.69455236307221)
915 (87.266737468168017, -344.9607355383863, -257.6939980702183)
916 (86.916768916128859, -344.61056788794394, -257.69379897181511)
917 (86.644520406146114, -344.33845126577404, -257.69393085962793)
918 (86.449134729402829, -344.14357238232935, -257.69443765292652)
919 (86.324747194231421, -344.01978669337672, -257.69503949914531)
920 (86.26121454530454, -343.95720607543001, -257.69599153012547)
921 (86.244770061271765, -343.94174728048449, -257.69697721921273)
922 (86.258782226376198, -343.95685798787105, -257.69807576149486)
923 (86.285393246027212, -343.98491405242129, -257.69952080639405)
924 (86.307171949514569, -344.00754616866124, -257.70037421914668)
925 (86.306406951687208, -344.00799814463448, -257.70159119294726)
926 (86.266758065713532, -343.96968352229004, -257.70292545657651)
927 (86.174783437110065, -343.87869809214624, -257.70391465503616)
928 (86.019497720072309, -343.72379480352566, -257.70429708345335)
929 (85.792201517480109, -343.49693619420509, -257.70473467672497)
930 (85.48746401133748, -343.1918851334915, -257.70442112215403)
931 (85.103847621195087, -342.80834755314226, -257.70449993194717)
932 (84.6427057448917, -342.347456816771, -257.70475107187929)
933 (84.107595545798688, -341.81188255427401, -257.70428700847532)
934 (83.504054198377418, -341.20785783180492, -257.70380363342747)
935 (82.839716968474505, -340.54313529819007, -257.70341832971553)
936 (82.123943494620889, -339.82670440543313, -257.70276091081223)
937 (81.367568074705048, -339.07003058758414, -257.70246251287909)
938 (80.58287657276577, -338.2853193731911, -257.70244280042533)
939 (79.781324039845103, -337.48322969229929, -257.70190565245417)
940 (78.974692740447566, -336.67594757041911, -257.70125482997156)
941 (78.177911328073378, -335.87827414460929, -257.70036281653591)
942 (77.408203648111623, -335.10744237604558, -257.69923872793396)
943 (76.684927300443661, -334.38301551691967, -257.69808821647598)
944 (76.029239993692713, -333.7257596978705, -257.69651970417777)
945 (75.463864090116374, -333.15884791356933, -257.69498382345296)
946 (75.011093718646976, -332.7049518170021, -257.69385809835512)
947 (74.691052307948283, -332.38390320109562, -257.69285089314735)
948 (74.520109502517869, -332.21227175720765, -257.69216225468978)
949 (74.509270304019509, -332.201065575526, -257.69179527150652)
950 (74.664151205049293, -332.35629936189582, -257.69214815684654)
951 (74.983967706295061, -332.67627825661521, -257.69231055032014)
952 (75.460721307252228, -333.15380510371381, -257.69308379646156)
953 (76.081359850601444, -333.77554454697929, -257.69418469637787)
954 (76.829538200732799, -334.5245699160202, -257.69503171528743)
955 (77.684894697899466, -335.38100976221028, -257.69611506431079)
956 (78.624850773031454, -336.32270566555911, -257.69785489252763)
957 (79.625449210921161, -337.32477509628376, -257.69932588536261)
958 (80.661756172292542, -338.36247023972311, -257.70071406743057)
959 (81.709605065306633, -339.41169215810703, -257.70208709280041)
960 (82.746080284561273, -340.44911315407319, -257.7030328695119)
961 (83.748982773304306, -341.45308956253035, -257.70410678922605)
962 (84.696246705678078, -342.40144635520875, -257.70519964953064)
963 (85.569357231515639, -343.27604336984353, -257.70668613832788)
964 (86.352634221056789, -344.05924797053393, -257.70661374947713)
965 (87.032816176434679, -344.73981034109397, -257.70699416465931)
966 (87.600437566253888, -345.30759404126866, -257.70715647501476)
967 (88.050895354831425, -345.75776900485766, -257.70687365002624)
968 (88.384937722882469, -346.09136783903773, -257.70643011615527)
969 (88.608204285649137, -346.31399077801342, -257.70578649236427)
970 (88.731691426458056, -346.43699360999807, -257.70530218354003)
971 (88.769069169661009, -346.47334702706826, -257.70427785740725)
972 (88.734685909294313, -346.43785497774559, -257.7031690684513)
973 (88.643822461628602, -346.34600028597146, -257.70217782434287)
974 (88.511023543117517, -346.21294131516112, -257.7019177720436)
975 (88.346538383364333, -346.04802367409104, -257.70148529072674)
976 (88.156891983099669, -345.8582291814235, -257.70133719832381)
977 (87.945805453901187, -345.6469919451219, -257.70118649122071)
978 (87.713298215498909, -345.41452386559627, -257.70122565009734)
979 (87.45648096743416, -345.15801190417039, -257.70153093673622)
980 (87.172021124974691, -344.8740837896633, -257.70206266468858)
981 (86.856937981421126, -344.55928152124153, -257.70234353982039)
982 (86.509509862034847, -344.21190678929167, -257.70239692725681)
983 (86.131868596216322, -343.83388084298394, -257.70201224676759)
984 (85.728761071818283, -343.43035077830774, -257.70158970648947)
985 (85.30739958792968, -343.00809209842669, -257.70069251049699)
986 (84.878324719116449, -342.57816806135281, -257.69984334223636)
987 (84.454581586797204, -342.15345787002747, -257.69887628323028)
988 (84.051375606658482, -341.74918940182948, -257.69781379517099)
989 (83.684508765346706, -341.38129346710178, -257.69678470175506)
990 (83.369495662454412, -341.06515611135484, -257.69566044890041)
991 (83.120509383465205, -340.81538712038571, -257.69487773692049)
992 (82.949135918944506, -340.64348483836926, -257.69434891942478)
993 (82.86382001155431, -340.55771403148026, -257.69389401992595)
994 (82.868497086917287, -340.56234480996284, -257.69384772304556)
995 (82.962862545995122, -340.65722553632878, -257.69436299033367)
996 (83.142006856954566, -340.83694126576569, -257.69493440881115)
997 (83.396341408730336, -341.09210072613962, -257.69575931740928)
998 (83.712639862161481, -341.40939165559115, -257.69675179342966)
999 (84.074321274457645, -341.77220453238527, -257.69788325792763)
